Frequency (Hz)	Level (dB)
21.533203	-55.470791
43.066406	-44.805523
64.599609	-46.879139
86.132812	-63.229191
107.666016	-65.543541
129.199219	-74.844185
150.732422	-76.214592
172.265625	-81.246147
193.798828	-76.662415
215.332031	-79.110893
236.865234	-83.509850
258.398438	-82.230362
279.931641	-77.317429
301.464844	-72.336899
322.998047	-75.840866
344.531250	-69.091003
366.064453	-71.859116
387.597656	-79.130287
409.130859	-78.989304
430.664062	-77.040955
452.197266	-72.913063
473.730469	-79.838516
495.263672	-83.875359
516.796875	-85.451477
538.330078	-79.561813
559.863281	-78.701897
581.396484	-84.604019
602.929688	-84.654633
624.462891	-78.422798
645.996094	-70.248611
667.529297	-73.981567
689.062500	-90.154053
710.595703	-90.848488
732.128906	-79.698486
753.662109	-75.931801
775.195312	-83.715286
796.728516	-84.810791
818.261719	-88.307945
839.794922	-85.011314
861.328125	-85.352837
882.861328	-93.972855
904.394531	-93.139397
925.927734	-80.230225
947.460938	-72.816917
968.994141	-77.397964
990.527344	-89.444267
1012.060547	-90.428108
1033.593750	-93.517212
1055.126953	-91.207581
1076.660156	-95.460693
1098.193359	-95.605095
1119.726562	-95.245331
1141.259766	-87.733612
1162.792969	-88.688255
1184.326172	-96.574089
1205.859375	-96.627327
1227.392578	-89.935875
1248.925781	-83.857635
1270.458984	-88.465981
1291.992188	-92.509598
1313.525391	-93.599419
1335.058594	-89.826057
1356.591797	-87.914131
1378.125000	-94.065086
1399.658203	-95.141701
1421.191406	-98.312065
1442.724609	-94.694817
1464.257812	-96.091942
1485.791016	-94.703812
1507.324219	-92.768417
1528.857422	-94.226608
1550.390625	-91.354309
1571.923828	-96.414825
1593.457031	-97.304871
1614.990234	-97.618904
1636.523438	-92.905022
1658.056641	-91.820374
1679.589844	-95.712502
1701.123047	-93.659027
1722.656250	-93.665718
1744.189453	-87.688736
1765.722656	-90.045258
1787.255859	-95.092079
1808.789062	-95.386787
1830.322266	-96.691055
1851.855469	-95.307907
1873.388672	-95.363998
1894.921875	-94.494293
1916.455078	-94.934921
1937.988281	-94.359413
1959.521484	-93.767670
1981.054688	-93.663918
2002.587891	-92.652428
2024.121094	-91.068497
2045.654297	-87.159447
2067.187500	-88.048103
2088.720703	-89.803200
2110.253906	-91.317162
2131.787109	-93.112007
2153.320312	-94.400040
2174.853516	-93.849480
2196.386719	-87.707314
2217.919922	-82.807503
2239.453125	-80.891769
2260.986328	-80.660851
2282.519531	-81.790955
2304.052734	-84.035378
2325.585938	-86.571518
2347.119141	-88.549934
2368.652344	-91.560959
2390.185547	-94.080864
2411.718750	-95.179344
2433.251953	-94.959991
2454.785156	-94.096542
2476.318359	-95.836861
2497.851562	-95.807991
2519.384766	-96.252800
2540.917969	-95.940918
2562.451172	-96.168114
2583.984375	-96.828247
2605.517578	-96.965057
2627.050781	-97.302826
2648.583984	-96.544319
2670.117188	-96.560501
2691.650391	-96.669678
2713.183594	-97.650894
2734.716797	-100.156792
2756.250000	-101.571640
2777.783203	-100.861519
2799.316406	-98.944405
2820.849609	-98.502304
2842.382812	-97.215584
2863.916016	-98.150070
2885.449219	-97.500092
2906.982422	-96.705002
2928.515625	-99.028229
2950.048828	-99.179642
2971.582031	-100.593483
2993.115234	-101.367157
3014.648438	-103.185158
3036.181641	-101.072182
3057.714844	-97.098549
3079.248047	-95.268242
3100.781250	-94.228035
3122.314453	-94.435036
3143.847656	-93.158882
3165.380859	-91.662086
3186.914062	-90.451836
3208.447266	-89.969490
3229.980469	-90.401062
3251.513672	-91.221291
3273.046875	-91.985481
3294.580078	-90.540771
3316.113281	-88.808914
3337.646484	-87.273796
3359.179688	-86.786751
3380.712891	-86.770813
3402.246094	-87.306061
3423.779297	-88.003601
3445.312500	-87.121788
3466.845703	-86.838036
3488.378906	-88.256241
3509.912109	-90.380470
3531.445312	-92.902367
3552.978516	-94.614655
3574.511719	-97.976517
3596.044922	-98.972984
3617.578125	-97.846939
3639.111328	-96.092117
3660.644531	-95.156685
3682.177734	-94.499168
3703.710938	-94.491196
3725.244141	-94.275352
3746.777344	-94.151695
3768.310547	-94.747902
3789.843750	-94.774879
3811.376953	-94.715149
3832.910156	-94.658714
3854.443359	-94.800552
3875.976562	-95.860405
3897.509766	-96.248474
3919.042969	-96.985321
3940.576172	-96.596779
3962.109375	-95.644264
3983.642578	-94.652031
4005.175781	-93.918579
4026.708984	-93.230545
4048.242188	-92.056023
4069.775391	-91.228699
4091.308594	-91.644707
4112.841797	-92.746254
4134.375000	-93.565582
4155.908203	-94.414398
4177.441406	-95.835526
4198.974609	-98.009857
4220.507812	-99.290207
4242.041016	-96.628227
4263.574219	-93.779930
4285.107422	-91.865982
4306.640625	-90.851456
4328.173828	-90.911880
4349.707031	-91.840630
4371.240234	-94.006432
4392.773438	-96.403511
4414.306641	-99.510284
4435.839844	-100.885017
4457.373047	-100.152390
4478.906250	-98.241516
4500.439453	-96.570320
4521.972656	-95.656738
4543.505859	-94.871788
4565.039062	-94.742691
4586.572266	-95.592407
4608.105469	-96.473122
4629.638672	-96.969948
4651.171875	-97.425789
4672.705078	-97.329819
4694.238281	-96.569427
4715.771484	-95.738503
4737.304688	-94.251366
4758.837891	-93.321800
4780.371094	-92.591812
4801.904297	-92.120010
4823.437500	-92.132027
4844.970703	-91.807861
4866.503906	-91.518112
4888.037109	-91.186592
4909.570312	-91.074272
4931.103516	-90.658699
4952.636719	-90.620926
4974.169922	-90.630463
4995.703125	-90.081734
5017.236328	-89.223961
5038.769531	-88.926735
5060.302734	-88.910820
5081.835938	-88.903679
5103.369141	-88.494766
5124.902344	-87.778755
5146.435547	-86.429146
5167.968750	-85.857567
5189.501953	-85.317535
5211.035156	-85.002174
5232.568359	-84.112564
5254.101562	-83.361488
5275.634766	-83.219704
5297.167969	-82.872475
5318.701172	-82.162651
5340.234375	-80.922501
5361.767578	-80.106766
5383.300781	-79.545448
5404.833984	-78.768707
5426.367188	-78.279968
5447.900391	-77.676788
5469.433594	-77.865379
5490.966797	-78.643913
5512.500000	-79.610962
5534.033203	-80.020714
5555.566406	-80.415993
5577.099609	-81.153946
5598.632812	-81.766182
5620.166016	-81.238716
5641.699219	-81.174622
5663.232422	-81.347755
5684.765625	-80.969681
5706.298828	-80.251282
5727.832031	-79.874542
5749.365234	-78.967224
5770.898438	-77.973892
5792.431641	-77.137383
5813.964844	-77.203087
5835.498047	-77.389824
5857.031250	-77.907120
5878.564453	-78.341660
5900.097656	-79.060532
5921.630859	-79.249588
5943.164062	-79.704208
5964.697266	-80.931824
5986.230469	-81.899178
6007.763672	-83.414398
6029.296875	-85.965897
6050.830078	-89.350266
6072.363281	-93.781868
6093.896484	-96.624588
6115.429688	-96.902588
6136.962891	-96.715836
6158.496094	-96.538071
6180.029297	-94.620064
6201.562500	-90.656174
6223.095703	-87.157364
6244.628906	-84.072495
6266.162109	-81.114182
6287.695312	-79.586304
6309.228516	-78.274223
6330.761719	-77.763603
6352.294922	-77.278114
6373.828125	-77.528938
6395.361328	-78.101318
6416.894531	-78.819603
6438.427734	-79.967560
6459.960938	-81.675491
6481.494141	-83.988541
6503.027344	-82.882423
6524.560547	-80.130730
6546.093750	-77.912521
6567.626953	-75.778465
6589.160156	-74.278755
6610.693359	-73.316551
6632.226562	-72.941353
6653.759766	-73.423988
6675.292969	-74.053108
6696.826172	-73.419319
6718.359375	-72.326431
6739.892578	-72.107269
6761.425781	-71.676826
6782.958984	-72.293327
6804.492188	-73.844162
6826.025391	-75.683121
6847.558594	-77.783897
6869.091797	-79.236954
6890.625000	-79.841431
6912.158203	-79.555618
6933.691406	-78.813538
6955.224609	-78.213959
6976.757812	-78.224335
6998.291016	-78.089539
7019.824219	-78.128281
7041.357422	-77.923248
7062.890625	-77.585243
7084.423828	-76.711647
7105.957031	-75.750824
7127.490234	-75.614540
7149.023438	-75.826805
7170.556641	-75.677452
7192.089844	-75.249306
7213.623047	-75.627853
7235.156250	-76.661514
7256.689453	-77.868683
7278.222656	-79.163322
7299.755859	-80.034164
7321.289062	-81.444038
7342.822266	-82.952583
7364.355469	-84.680367
7385.888672	-85.478142
7407.421875	-86.338028
7428.955078	-86.966469
7450.488281	-86.933357
7472.021484	-87.167267
7493.554688	-87.327362
7515.087891	-87.082222
7536.621094	-87.132133
7558.154297	-86.918869
7579.687500	-86.964035
7601.220703	-87.383591
7622.753906	-87.020905
7644.287109	-86.820419
7665.820312	-86.708031
7687.353516	-87.136360
7708.886719	-87.435379
7730.419922	-88.136169
7751.953125	-88.583206
7773.486328	-88.931564
7795.019531	-89.590622
7816.552734	-90.139359
7838.085938	-89.925003
7859.619141	-90.511917
7881.152344	-90.569450
7902.685547	-90.813957
7924.218750	-91.054291
7945.751953	-90.758476
7967.285156	-91.192596
7988.818359	-91.597046
8010.351562	-92.083183
8031.884766	-92.653061
8053.417969	-93.097519
8074.951172	-93.459717
8096.484375	-94.234894
8118.017578	-95.234604
8139.550781	-96.191650
8161.083984	-97.646667
8182.617188	-99.358376
8204.150391	-101.636993
8225.683594	-104.501915
8247.216797	-105.673355
8268.750000	-104.553787
8290.283203	-101.818138
8311.816406	-99.730652
8333.349609	-97.841286
8354.882812	-96.034653
8376.416016	-95.362122
8397.949219	-94.084953
8419.482422	-93.264496
8441.015625	-93.140053
8462.548828	-92.971069
8484.082031	-92.815636
8505.615234	-92.728630
8527.148438	-92.234062
8548.681641	-92.725639
8570.214844	-92.551941
8591.748047	-91.819267
8613.281250	-91.558327
8634.814453	-91.392227
8656.347656	-90.955086
8677.880859	-90.657356
8699.414062	-91.015327
8720.947266	-91.353409
8742.480469	-92.332428
8764.013672	-92.824997
8785.546875	-93.093056
8807.080078	-94.399643
8828.613281	-94.709007
8850.146484	-94.705406
8871.679688	-95.016090
8893.212891	-94.640862
8914.746094	-94.342407
8936.279297	-94.300079
8957.812500	-94.437965
8979.345703	-94.639854
9000.878906	-94.624001
9022.412109	-95.171700
9043.945312	-95.079018
9065.478516	-95.260323
9087.011719	-95.854370
9108.544922	-96.350815
9130.078125	-96.413467
9151.611328	-96.366570
9173.144531	-96.446587
9194.677734	-95.941856
9216.210938	-95.911209
9237.744141	-95.483986
9259.277344	-95.236145
9280.810547	-94.641663
9302.343750	-94.550148
9323.876953	-94.822731
9345.410156	-94.646484
9366.943359	-95.313988
9388.476562	-96.116447
9410.009766	-96.655251
9431.542969	-97.609077
9453.076172	-98.649734
9474.609375	-100.044930
9496.142578	-101.707573
9517.675781	-103.401268
9539.208984	-104.671570
9560.742188	-105.671013
9582.275391	-107.311104
9603.808594	-107.009483
9625.341797	-105.851929
9646.875000	-103.743576
9668.408203	-103.681160
9689.941406	-103.498245
9711.474609	-103.239220
9733.007812	-102.598305
9754.541016	-102.062515
9776.074219	-101.578087
9797.607422	-101.213066
9819.140625	-100.501167
9840.673828	-100.087479
9862.207031	-100.226013
9883.740234	-100.192665
9905.273438	-100.401711
9926.806641	-100.353226
9948.339844	-99.916702
9969.873047	-100.244576
9991.406250	-100.507736
10012.939453	-100.281044
10034.472656	-100.426567
10056.005859	-100.114418
10077.539062	-100.574310
10099.072266	-100.790993
10120.605469	-100.143707
10142.138672	-99.177933
10163.671875	-98.802528
10185.205078	-97.950478
10206.738281	-96.814995
10228.271484	-96.110588
10249.804688	-94.713982
10271.337891	-93.677025
10292.871094	-92.539825
10314.404297	-91.350952
10335.937500	-90.752045
10357.470703	-90.168396
10379.003906	-89.680153
10400.537109	-89.071457
10422.070312	-88.313515
10443.603516	-87.907326
10465.136719	-87.789948
10486.669922	-87.292290
10508.203125	-87.090126
10529.736328	-86.997673
10551.269531	-86.635635
10572.802734	-86.121033
10594.335938	-85.839294
10615.869141	-85.283722
10637.402344	-85.101860
10658.935547	-85.299881
10680.468750	-85.366707
10702.001953	-85.019348
10723.535156	-84.606117
10745.068359	-84.592903
10766.601562	-84.641220
10788.134766	-84.050430
10809.667969	-84.047440
10831.201172	-83.856628
10852.734375	-83.064140
10874.267578	-82.986069
10895.800781	-82.832130
10917.333984	-82.855728
10938.867188	-83.129959
10960.400391	-83.646194
10981.933594	-84.313080
11003.466797	-84.229080
11025.000000	-84.405075
11046.533203	-84.781036
11068.066406	-85.476982
11089.599609	-86.154396
11111.132812	-86.843460
11132.666016	-87.256065
11154.199219	-87.602066
11175.732422	-88.003319
11197.265625	-88.528946
11218.798828	-87.864830
11240.332031	-87.470398
11261.865234	-87.450493
11283.398438	-87.096451
11304.931641	-86.630470
11326.464844	-86.539352
11347.998047	-86.132195
11369.531250	-85.850319
11391.064453	-85.561287
11412.597656	-85.701859
11434.130859	-85.759895
11455.664062	-85.776779
11477.197266	-85.823761
11498.730469	-85.861008
11520.263672	-85.987442
11541.796875	-85.625282
11563.330078	-85.561043
11584.863281	-85.934402
11606.396484	-85.534935
11627.929688	-85.302124
11649.462891	-84.944061
11670.996094	-84.763733
11692.529297	-84.389565
11714.062500	-84.444664
11735.595703	-84.465065
11757.128906	-84.287010
11778.662109	-84.463440
11800.195312	-84.214622
11821.728516	-83.900215
11843.261719	-83.411812
11864.794922	-83.292908
11886.328125	-83.273582
11907.861328	-82.861443
11929.394531	-82.810654
11950.927734	-82.968521
11972.460938	-83.188232
11993.994141	-82.865166
12015.527344	-82.737793
12037.060547	-82.439766
12058.593750	-82.377327
12080.126953	-82.746933
12101.660156	-82.527611
12123.193359	-82.278748
12144.726562	-82.804245
12166.259766	-82.541595
12187.792969	-82.448067
12209.326172	-82.631996
12230.859375	-82.648827
12252.392578	-82.903885
12273.925781	-83.114120
12295.458984	-83.002251
12316.992188	-83.291580
12338.525391	-83.178055
12360.058594	-83.207176
12381.591797	-83.281006
12403.125000	-83.171158
12424.658203	-82.668190
12446.191406	-82.616257
12467.724609	-82.681015
12489.257812	-82.284035
12510.791016	-82.639839
12532.324219	-83.502609
12553.857422	-83.958977
12575.390625	-84.199165
12596.923828	-84.823936
12618.457031	-85.701424
12639.990234	-86.439034
12661.523438	-87.448776
12683.056641	-88.083969
12704.589844	-89.225838
12726.123047	-90.610664
12747.656250	-91.573616
12769.189453	-92.482033
12790.722656	-93.573944
12812.255859	-94.314774
12833.789062	-94.927574
12855.322266	-95.710869
12876.855469	-96.356094
12898.388672	-97.158531
12919.921875	-98.499321
12941.455078	-100.052567
12962.988281	-102.953598
12984.521484	-106.342491
13006.054688	-104.171822
13027.587891	-100.063568
13049.121094	-96.519157
13070.654297	-94.381248
13092.187500	-92.689980
13113.720703	-91.170509
13135.253906	-90.021103
13156.787109	-89.145058
13178.320312	-88.346710
13199.853516	-87.464531
13221.386719	-86.947632
13242.919922	-86.691719
13264.453125	-86.395309
13285.986328	-86.359604
13307.519531	-86.329323
13329.052734	-86.507477
13350.585938	-86.364723
13372.119141	-86.491333
13393.652344	-86.473694
13415.185547	-86.356346
13436.718750	-86.015511
13458.251953	-86.187889
13479.785156	-86.347198
13501.318359	-85.870186
13522.851562	-85.840904
13544.384766	-86.141510
13565.917969	-85.829750
13587.451172	-85.233940
13608.984375	-84.841011
13630.517578	-84.871544
13652.050781	-84.510948
13673.583984	-84.172340
13695.117188	-83.979942
13716.650391	-83.529030
13738.183594	-83.102753
13759.716797	-82.977684
13781.250000	-82.808121
13802.783203	-82.880524
13824.316406	-82.555702
13845.849609	-82.470535
13867.382812	-82.716980
13888.916016	-82.358482
13910.449219	-82.544823
13931.982422	-82.633873
13953.515625	-82.477173
13975.048828	-82.506851
13996.582031	-82.484940
14018.115234	-82.275131
14039.648438	-82.189110
14061.181641	-82.330276
14082.714844	-82.402031
14104.248047	-82.187294
14125.781250	-82.087357
14147.314453	-81.804626
14168.847656	-81.910255
14190.380859	-81.816643
14211.914062	-81.855858
14233.447266	-81.468407
14254.980469	-81.427757
14276.513672	-82.032997
14298.046875	-82.512161
14319.580078	-82.662682
14341.113281	-82.743141
14362.646484	-82.579117
14384.179688	-82.332687
14405.712891	-82.475220
14427.246094	-82.670059
14448.779297	-82.248367
14470.312500	-81.826286
14491.845703	-81.895668
14513.378906	-82.097115
14534.912109	-81.763588
14556.445312	-80.917038
14577.978516	-81.106529
14599.511719	-81.588852
14621.044922	-81.746025
14642.578125	-81.948036
14664.111328	-82.364143
14685.644531	-82.655487
14707.177734	-82.622276
14728.710938	-83.220955
14750.244141	-83.618462
14771.777344	-84.092033
14793.310547	-84.976738
14814.843750	-85.615791
14836.376953	-86.478371
14857.910156	-86.903122
14879.443359	-87.993370
14900.976562	-89.351967
14922.509766	-90.971931
14944.042969	-92.432198
14965.576172	-94.150261
14987.109375	-95.192047
15008.642578	-95.916107
15030.175781	-95.796074
15051.708984	-94.816093
15073.242188	-94.443909
15094.775391	-93.393829
15116.308594	-92.976265
15137.841797	-92.909927
15159.375000	-93.003105
15180.908203	-93.114433
15202.441406	-93.823746
15223.974609	-94.918068
15245.507812	-95.992233
15267.041016	-97.950096
15288.574219	-100.254890
15310.107422	-102.176888
15331.640625	-101.751030
15353.173828	-99.595261
15374.707031	-98.089676
15396.240234	-95.889351
15417.773438	-93.907051
15439.306641	-92.206833
15460.839844	-90.683372
15482.373047	-89.654938
15503.906250	-88.206459
15525.439453	-87.261345
15546.972656	-86.361473
15568.505859	-86.048523
15590.039062	-85.341583
15611.572266	-84.827591
15633.105469	-85.032829
15654.638672	-85.318558
15676.171875	-85.569435
15697.705078	-85.811562
15719.238281	-86.733185
15740.771484	-87.176567
15762.304688	-88.366684
15783.837891	-89.826469
15805.371094	-91.114464
15826.904297	-92.988113
15848.437500	-94.261406
15869.970703	-97.074341
15891.503906	-100.379997
15913.037109	-101.934555
15934.570312	-100.291199
15956.103516	-97.745071
15977.636719	-95.535446
15999.169922	-93.540611
16020.703125	-92.272598
16042.236328	-91.242905
16063.769531	-90.363792
16085.302734	-90.226418
16106.835938	-89.969513
16128.369141	-89.462242
16149.902344	-89.159340
16171.435547	-88.681686
16192.968750	-88.331711
16214.501953	-88.349091
16236.035156	-88.051712
16257.568359	-87.540733
16279.101562	-87.078941
16300.634766	-86.972496
16322.167969	-87.014328
16343.701172	-86.719574
16365.234375	-86.266861
16386.767578	-85.807213
16408.300781	-85.879631
16429.833984	-86.079224
16451.367188	-85.727425
16472.900391	-85.605034
16494.433594	-85.871758
16515.966797	-86.083412
16537.500000	-86.014351
16559.033203	-86.202393
16580.566406	-86.840561
16602.099609	-87.087517
16623.632812	-87.533417
16645.166016	-87.644402
16666.699219	-88.203346
16688.232422	-88.616081
16709.765625	-88.969971
16731.298828	-89.899971
16752.832031	-90.376205
16774.365234	-91.084190
16795.898438	-92.275749
16817.431641	-93.092865
16838.964844	-93.798958
16860.498047	-95.344284
16882.031250	-97.158043
16903.564453	-99.400063
16925.097656	-100.845886
16946.630859	-101.002037
16968.164062	-102.160820
16989.697266	-101.722115
17011.230469	-101.152596
17032.763672	-100.251595
17054.296875	-100.200684
17075.830078	-100.547325
17097.363281	-100.084534
17118.896484	-99.844978
17140.429688	-99.012253
17161.962891	-99.226486
17183.496094	-99.993492
17205.029297	-100.205635
17226.562500	-99.884773
17248.095703	-99.200920
17269.628906	-100.344894
17291.162109	-100.016708
17312.695312	-99.902084
17334.228516	-98.440109
17355.761719	-98.034348
17377.294922	-99.000252
17398.828125	-98.289421
17420.361328	-98.330193
17441.894531	-97.060524
17463.427734	-96.968140
17484.960938	-96.982567
17506.494141	-96.987892
17528.027344	-97.202446
17549.560547	-96.404350
17571.093750	-96.471779
17592.626953	-96.980721
17614.160156	-97.450768
17635.693359	-97.494934
17657.226562	-97.497879
17678.759766	-97.735466
17700.292969	-97.413864
17721.826172	-98.234726
17743.359375	-97.941002
17764.892578	-98.095413
17786.425781	-97.688950
17807.958984	-97.452171
17829.492188	-97.372345
17851.025391	-97.122063
17872.558594	-97.768608
17894.091797	-97.321930
17915.625000	-97.074272
17937.158203	-96.320770
17958.691406	-96.178963
17980.224609	-94.323578
18001.757812	-95.568466
18023.291016	-97.504951
18044.824219	-96.847214
18066.357422	-97.583725
18087.890625	-98.059196
18109.423828	-98.424759
18130.957031	-97.253441
18152.490234	-96.531471
18174.023438	-98.026634
18195.556641	-98.686577
18217.089844	-98.727516
18238.623047	-96.921265
18260.156250	-97.330063
18281.689453	-98.062630
18303.222656	-98.346466
18324.755859	-98.051208
18346.289062	-96.684837
18367.822266	-97.224060
18389.355469	-97.572029
18410.888672	-97.432426
18432.421875	-96.563202
18453.955078	-95.901344
18475.488281	-96.659988
18497.021484	-96.672997
18518.554688	-96.205482
18540.087891	-95.818703
18561.621094	-95.938210
18583.154297	-95.843895
18604.687500	-96.093391
18626.220703	-96.164307
18647.753906	-95.309982
18669.287109	-95.844307
18690.820312	-95.858391
18712.353516	-95.849098
18733.886719	-95.348213
18755.419922	-95.157211
18776.953125	-96.469521
18798.486328	-96.696083
18820.019531	-96.072266
18841.552734	-95.393188
18863.085938	-95.971870
18884.619141	-96.352409
18906.152344	-96.321198
18927.685547	-95.989029
18949.218750	-95.327003
18970.751953	-96.298264
18992.285156	-96.078270
19013.818359	-96.296570
19035.351562	-95.865173
19056.884766	-95.641418
19078.417969	-96.413170
19099.951172	-96.667221
19121.484375	-96.886009
19143.017578	-95.438736
19164.550781	-96.346725
19186.083984	-96.994896
19207.617188	-96.983131
19229.150391	-96.699547
19250.683594	-96.210938
19272.216797	-96.800346
19293.750000	-96.708443
19315.283203	-97.002510
19336.816406	-96.343750
19358.349609	-96.320076
19379.882812	-97.177261
19401.416016	-96.969749
19422.949219	-97.307396
19444.482422	-96.565353
19466.015625	-97.040070
19487.548828	-97.089378
19509.082031	-97.069092
19530.615234	-96.653053
19552.148438	-96.278473
19573.681641	-97.334473
19595.214844	-97.139603
19616.748047	-96.727089
19638.281250	-96.120239
19659.814453	-96.375710
19681.347656	-96.931549
19702.880859	-96.921928
19724.414062	-96.698921
19745.947266	-95.984764
19767.480469	-96.790901
19789.013672	-97.051651
19810.546875	-97.334763
19832.080078	-96.833092
19853.613281	-96.766006
19875.146484	-96.857018
19896.679688	-96.678589
19918.212891	-96.821770
19939.746094	-96.249527
19961.279297	-96.851257
19982.812500	-97.435722
20004.345703	-96.818481
20025.878906	-96.850159
20047.412109	-96.650391
20068.945312	-96.934471
20090.478516	-97.105324
20112.011719	-96.956154
20133.544922	-97.226036
20155.078125	-97.284042
20176.611328	-97.514122
20198.144531	-97.651855
20219.677734	-97.905083
20241.210938	-97.664589
20262.744141	-97.497231
20284.277344	-97.682137
20305.810547	-97.777611
20327.343750	-97.894707
20348.876953	-97.510818
20370.410156	-98.106163
20391.943359	-98.518875
20413.476562	-98.222931
20435.009766	-97.690117
20456.542969	-97.838684
20478.076172	-98.059937
20499.609375	-97.960915
20521.142578	-98.151588
20542.675781	-97.938553
20564.208984	-98.312347
20585.742188	-98.200165
20607.275391	-97.991852
20628.808594	-97.889000
20650.341797	-98.135025
20671.875000	-98.722488
20693.408203	-98.724564
20714.941406	-98.838547
20736.474609	-98.808319
20758.007812	-98.864044
20779.541016	-98.988029
20801.074219	-99.227936
20822.607422	-99.122574
20844.140625	-99.012100
20865.673828	-99.572952
20887.207031	-99.662888
20908.740234	-100.030220
20930.273438	-99.709824
20951.806641	-100.386017
20973.339844	-100.753311
20994.873047	-100.740379
21016.406250	-100.655853
21037.939453	-100.830322
21059.472656	-101.133949
21081.005859	-101.020134
21102.539062	-101.799553
21124.072266	-101.816978
21145.605469	-101.466347
21167.138672	-101.937737
21188.671875	-101.859993
21210.205078	-101.656059
21231.738281	-101.769394
21253.271484	-101.829941
21274.804688	-102.116547
21296.337891	-102.287048
21317.871094	-101.973892
21339.404297	-102.054741
21360.937500	-102.140106
21382.470703	-102.406837
21404.003906	-102.569710
21425.537109	-102.543449
21447.070312	-102.372589
21468.603516	-102.609833
21490.136719	-102.431931
21511.669922	-102.469749
21533.203125	-102.573708
21554.736328	-102.187469
21576.269531	-102.128052
21597.802734	-102.643578
21619.335938	-102.243713
21640.869141	-102.151657
21662.402344	-102.484642
21683.935547	-102.375725
21705.468750	-102.177277
21727.001953	-102.391853
21748.535156	-102.270660
21770.068359	-102.198982
21791.601562	-102.204948
21813.134766	-101.886475
21834.667969	-101.878052
21856.201172	-102.150307
21877.734375	-102.064278
21899.267578	-102.169907
21920.800781	-102.266685
21942.333984	-102.017708
21963.867188	-101.843819
21985.400391	-101.735397
22006.933594	-102.013451
22028.466797	-102.223763
