Frequency (Hz)	Level (dB)
21.533203	-58.329926
43.066406	-47.750214
64.599609	-49.825867
86.132812	-64.378036
107.666016	-64.179108
129.199219	-71.831055
150.732422	-75.808685
172.265625	-78.939316
193.798828	-75.726952
215.332031	-74.418953
236.865234	-68.488098
258.398438	-66.677475
279.931641	-67.563148
301.464844	-66.035568
322.998047	-69.152794
344.531250	-69.221382
366.064453	-72.802887
387.597656	-78.617004
409.130859	-77.416344
430.664062	-73.597916
452.197266	-68.680672
473.730469	-70.228569
495.263672	-73.384071
516.796875	-75.667549
538.330078	-76.957680
559.863281	-80.336250
581.396484	-86.415169
602.929688	-85.480721
624.462891	-80.861038
645.996094	-74.225609
667.529297	-77.991829
689.062500	-88.993378
710.595703	-90.350990
732.128906	-83.302071
753.662109	-79.702255
775.195312	-86.096497
796.728516	-84.679588
818.261719	-86.795776
839.794922	-84.437912
861.328125	-83.450104
882.861328	-81.961273
904.394531	-76.167648
925.927734	-73.444603
947.460938	-73.804893
968.994141	-79.522285
990.527344	-89.242546
1012.060547	-90.654022
1033.593750	-97.025352
1055.126953	-97.032059
1076.660156	-96.987244
1098.193359	-94.089119
1119.726562	-93.352348
1141.259766	-87.866455
1162.792969	-89.395164
1184.326172	-96.526787
1205.859375	-95.460510
1227.392578	-89.936775
1248.925781	-83.881500
1270.458984	-89.035797
1291.992188	-91.769676
1313.525391	-92.027031
1335.058594	-91.602455
1356.591797	-90.018471
1378.125000	-88.504448
1399.658203	-85.065849
1421.191406	-85.083321
1442.724609	-88.155495
1464.257812	-91.376579
1485.791016	-90.762520
1507.324219	-90.422943
1528.857422	-90.756851
1550.390625	-87.815361
1571.923828	-90.127800
1593.457031	-89.789818
1614.990234	-88.375580
1636.523438	-87.544083
1658.056641	-88.252312
1679.589844	-90.047630
1701.123047	-90.929741
1722.656250	-94.973534
1744.189453	-89.505661
1765.722656	-89.793022
1787.255859	-89.790886
1808.789062	-88.549118
1830.322266	-87.701050
1851.855469	-87.682617
1873.388672	-87.109871
1894.921875	-84.246620
1916.455078	-80.331215
1937.988281	-77.800354
1959.521484	-78.091736
1981.054688	-77.138733
2002.587891	-72.613914
2024.121094	-68.077202
2045.654297	-64.664787
2067.187500	-63.532539
2088.720703	-64.823647
2110.253906	-67.910515
2131.787109	-71.743668
2153.320312	-75.404243
2174.853516	-78.825226
2196.386719	-81.602180
2217.919922	-84.082207
2239.453125	-86.299751
2260.986328	-87.819290
2282.519531	-89.102501
2304.052734	-90.610947
2325.585938	-93.649864
2347.119141	-93.557541
2368.652344	-92.352661
2390.185547	-89.676163
2411.718750	-86.272568
2433.251953	-82.008896
2454.785156	-78.968277
2476.318359	-78.611526
2497.851562	-79.272614
2519.384766	-79.201317
2540.917969	-80.121162
2562.451172	-81.832809
2583.984375	-83.751053
2605.517578	-85.953911
2627.050781	-88.397423
2648.583984	-89.778084
2670.117188	-89.444710
2691.650391	-88.232849
2713.183594	-86.271690
2734.716797	-85.719475
2756.250000	-85.839241
2777.783203	-84.881004
2799.316406	-83.852692
2820.849609	-83.589203
2842.382812	-82.956581
2863.916016	-83.000473
2885.449219	-84.385536
2906.982422	-86.247780
2928.515625	-88.064804
2950.048828	-90.638878
2971.582031	-93.667442
2993.115234	-96.187729
3014.648438	-99.043533
3036.181641	-94.515266
3057.714844	-90.475700
3079.248047	-88.731293
3100.781250	-87.877655
3122.314453	-87.961685
3143.847656	-87.413742
3165.380859	-85.232002
3186.914062	-83.288239
3208.447266	-81.945259
3229.980469	-81.807281
3251.513672	-82.210571
3273.046875	-82.173103
3294.580078	-82.330208
3316.113281	-83.832710
3337.646484	-86.883270
3359.179688	-89.406105
3380.712891	-92.316055
3402.246094	-95.244865
3423.779297	-99.686035
3445.312500	-98.807808
3466.845703	-100.359505
3488.378906	-100.742706
3509.912109	-97.932053
3531.445312	-95.532715
3552.978516	-93.335480
3574.511719	-92.187187
3596.044922	-91.337044
3617.578125	-91.645882
3639.111328	-91.769196
3660.644531	-92.666191
3682.177734	-94.049042
3703.710938	-95.647125
3725.244141	-96.619942
3746.777344	-97.294067
3768.310547	-99.814674
3789.843750	-101.471031
3811.376953	-98.936958
3832.910156	-96.132088
3854.443359	-94.667786
3875.976562	-94.946953
3897.509766	-94.321983
3919.042969	-94.568336
3940.576172	-95.945053
3962.109375	-98.388138
3983.642578	-97.905632
4005.175781	-92.865341
4026.708984	-88.005875
4048.242188	-83.189362
4069.775391	-79.345879
4091.308594	-77.099213
4112.841797	-76.541580
4134.375000	-77.354561
4155.908203	-79.130150
4177.441406	-81.487465
4198.974609	-83.870094
4220.507812	-85.663422
4242.041016	-86.071762
4263.574219	-86.206505
4285.107422	-86.615723
4306.640625	-86.656898
4328.173828	-86.681053
4349.707031	-86.682365
4371.240234	-87.232361
4392.773438	-88.028076
4414.306641	-90.189041
4435.839844	-91.887238
4457.373047	-91.885078
4478.906250	-90.353249
4500.439453	-88.449532
4521.972656	-87.269150
4543.505859	-85.532608
4565.039062	-84.207413
4586.572266	-83.307182
4608.105469	-81.990593
4629.638672	-80.454124
4651.171875	-79.409187
4672.705078	-78.618607
4694.238281	-78.348595
4715.771484	-78.425514
4737.304688	-78.259544
4758.837891	-78.648781
4780.371094	-79.222786
4801.904297	-80.052185
4823.437500	-81.188705
4844.970703	-82.749817
4866.503906	-84.493896
4888.037109	-86.373184
4909.570312	-88.699310
4931.103516	-90.706154
4952.636719	-92.139641
4974.169922	-91.867294
4995.703125	-90.102654
5017.236328	-89.051437
5038.769531	-89.398453
5060.302734	-90.977669
5081.835938	-92.497765
5103.369141	-91.477310
5124.902344	-89.708130
5146.435547	-88.156372
5167.968750	-88.169182
5189.501953	-88.495842
5211.035156	-87.709915
5232.568359	-85.094643
5254.101562	-83.432640
5275.634766	-83.038689
5297.167969	-82.824760
5318.701172	-81.945679
5340.234375	-79.256836
5361.767578	-76.417831
5383.300781	-74.395325
5404.833984	-72.995178
5426.367188	-72.411018
5447.900391	-72.030663
5469.433594	-72.290154
5490.966797	-72.631943
5512.500000	-72.440033
5534.033203	-71.304558
5555.566406	-70.616074
5577.099609	-70.630516
5598.632812	-70.797646
5620.166016	-70.257263
5641.699219	-70.448479
5663.232422	-71.184891
5684.765625	-71.867538
5706.298828	-72.765648
5727.832031	-74.886917
5749.365234	-77.202782
5770.898438	-79.718025
5792.431641	-80.891457
5813.964844	-80.896469
5835.498047	-80.030083
5857.031250	-79.162697
5878.564453	-77.712769
5900.097656	-76.696472
5921.630859	-75.662697
5943.164062	-75.392609
5964.697266	-76.104828
5986.230469	-76.678207
6007.763672	-77.528152
6029.296875	-78.398727
6050.830078	-79.148445
6072.363281	-80.220634
6093.896484	-81.035034
6115.429688	-82.194641
6136.962891	-83.796631
6158.496094	-85.148598
6180.029297	-85.725327
6201.562500	-85.294418
6223.095703	-84.928581
6244.628906	-84.573166
6266.162109	-83.481949
6287.695312	-83.058144
6309.228516	-82.318649
6330.761719	-81.720093
6352.294922	-80.884789
6373.828125	-80.739906
6395.361328	-80.842209
6416.894531	-81.080055
6438.427734	-81.493919
6459.960938	-82.042526
6481.494141	-83.085876
6503.027344	-83.799477
6524.560547	-84.749138
6546.093750	-86.113068
6567.626953	-86.853981
6589.160156	-87.208519
6610.693359	-87.256020
6632.226562	-87.357330
6653.759766	-87.550110
6675.292969	-87.306961
6696.826172	-86.337166
6718.359375	-85.629410
6739.892578	-86.026772
6761.425781	-85.857430
6782.958984	-86.203972
6804.492188	-86.566711
6826.025391	-86.332703
6847.558594	-85.546127
6869.091797	-84.797729
6890.625000	-84.302780
6912.158203	-84.200180
6933.691406	-84.406044
6955.224609	-85.164833
6976.757812	-86.811531
6998.291016	-88.328476
7019.824219	-89.526817
7041.357422	-89.937637
7062.890625	-90.280045
7084.423828	-90.474419
7105.957031	-90.747086
7127.490234	-91.952866
7149.023438	-93.367111
7170.556641	-94.235168
7192.089844	-93.248589
7213.623047	-92.262245
7235.156250	-91.274788
7256.689453	-90.216278
7278.222656	-89.023621
7299.755859	-87.631744
7321.289062	-86.932419
7342.822266	-86.600235
7364.355469	-86.944603
7385.888672	-86.742828
7407.421875	-86.880821
7428.955078	-87.035942
7450.488281	-86.675995
7472.021484	-86.865822
7493.554688	-87.215935
7515.087891	-87.039146
7536.621094	-87.055008
7558.154297	-86.765465
7579.687500	-86.560448
7601.220703	-86.711342
7622.753906	-86.190529
7644.287109	-85.887741
7665.820312	-85.732407
7687.353516	-86.017830
7708.886719	-86.185692
7730.419922	-86.784752
7751.953125	-87.012688
7773.486328	-87.383980
7795.019531	-88.026695
7816.552734	-88.707550
7838.085938	-88.706238
7859.619141	-89.464371
7881.152344	-89.863625
7902.685547	-90.521156
7924.218750	-91.046677
7945.751953	-90.991043
7967.285156	-91.702095
7988.818359	-92.128349
8010.351562	-92.133522
8031.884766	-92.164711
8053.417969	-91.847397
8074.951172	-91.293777
8096.484375	-91.165146
8118.017578	-90.894753
8139.550781	-90.566498
8161.083984	-90.686783
8182.617188	-90.995018
8204.150391	-91.874474
8225.683594	-92.687943
8247.216797	-93.415138
8268.750000	-95.145226
8290.283203	-97.227379
8311.816406	-99.938026
8333.349609	-102.113861
8354.882812	-103.256523
8376.416016	-105.504471
8397.949219	-105.909485
8419.482422	-104.391396
8441.015625	-99.982811
8462.548828	-100.680367
8484.082031	-101.194756
8505.615234	-99.717926
8527.148438	-98.539223
8548.681641	-98.628624
8570.214844	-99.108727
8591.748047	-98.997856
8613.281250	-99.428696
8634.814453	-99.589905
8656.347656	-99.395035
8677.880859	-99.861427
8699.414062	-101.616005
8720.947266	-103.419838
8742.480469	-99.840645
8764.013672	-102.242386
8785.546875	-102.267059
8807.080078	-98.861435
8828.613281	-95.980598
8850.146484	-93.888145
8871.679688	-92.752769
8893.212891	-91.383263
8914.746094	-90.371262
8936.279297	-89.486839
8957.812500	-88.711754
8979.345703	-88.020775
9000.878906	-87.109558
9022.412109	-86.718597
9043.945312	-85.971230
9065.478516	-85.433594
9087.011719	-85.401375
9108.544922	-85.424797
9130.078125	-85.149284
9151.611328	-84.938858
9173.144531	-84.999870
9194.677734	-84.834976
9216.210938	-85.425461
9237.744141	-85.814423
9259.277344	-86.129295
9280.810547	-86.036499
9302.343750	-86.271553
9323.876953	-86.530602
9345.410156	-86.443428
9366.943359	-86.723061
9388.476562	-86.985428
9410.009766	-86.976372
9431.542969	-87.183395
9453.076172	-87.041054
9474.609375	-86.761353
9496.142578	-86.487068
9517.675781	-85.935349
9539.208984	-85.527275
9560.742188	-85.293945
9582.275391	-85.509682
9603.808594	-85.213234
9625.341797	-85.370171
9646.875000	-85.262703
9668.408203	-85.247993
9689.941406	-85.821991
9711.474609	-86.476440
9733.007812	-86.544785
9754.541016	-86.732994
9776.074219	-87.053497
9797.607422	-87.326431
9819.140625	-87.071457
9840.673828	-87.504524
9862.207031	-88.382301
9883.740234	-89.026268
9905.273438	-89.911980
9926.806641	-90.293205
9948.339844	-90.788933
9969.873047	-91.182396
9991.406250	-91.689957
10012.939453	-91.707260
10034.472656	-91.718925
10056.005859	-91.442070
10077.539062	-91.669357
10099.072266	-91.752441
10120.605469	-91.048370
10142.138672	-90.168663
10163.671875	-89.880043
10185.205078	-89.585533
10206.738281	-89.128441
10228.271484	-88.952362
10249.804688	-88.196236
10271.337891	-87.781219
10292.871094	-87.171524
10314.404297	-86.543312
10335.937500	-86.544151
10357.470703	-86.470757
10379.003906	-86.384125
10400.537109	-86.098900
10422.070312	-85.522194
10443.603516	-85.130531
10465.136719	-85.171196
10486.669922	-84.611389
10508.203125	-84.207489
10529.736328	-84.092293
10551.269531	-83.749969
10572.802734	-83.437622
10594.335938	-83.357475
10615.869141	-82.988457
10637.402344	-82.953888
10658.935547	-83.312675
10680.468750	-83.562614
10702.001953	-83.402969
10723.535156	-83.231384
10745.068359	-83.526039
10766.601562	-83.811554
10788.134766	-83.419273
10809.667969	-83.427292
10831.201172	-83.060272
10852.734375	-81.998810
10874.267578	-81.615677
10895.800781	-80.997894
10917.333984	-80.445580
10938.867188	-80.127563
10960.400391	-80.005959
10981.933594	-79.950417
11003.466797	-79.172455
11025.000000	-78.675438
11046.533203	-78.521484
11068.066406	-78.653831
11089.599609	-78.786339
11111.132812	-79.029251
11132.666016	-79.037857
11154.199219	-79.181610
11175.732422	-79.561256
11197.265625	-80.257355
11218.798828	-80.137123
11240.332031	-80.426582
11261.865234	-81.194054
11283.398438	-81.801659
11304.931641	-82.213486
11326.464844	-82.850395
11347.998047	-83.071281
11369.531250	-83.564812
11391.064453	-83.862473
11412.597656	-84.563904
11434.130859	-85.203110
11455.664062	-85.746231
11477.197266	-86.423393
11498.730469	-86.801620
11520.263672	-86.918106
11541.796875	-86.314293
11563.330078	-86.239723
11584.863281	-86.682381
11606.396484	-86.312050
11627.929688	-86.189804
11649.462891	-86.031868
11670.996094	-86.256363
11692.529297	-86.122169
11714.062500	-86.320534
11735.595703	-86.452667
11757.128906	-86.237190
11778.662109	-86.288773
11800.195312	-85.729897
11821.728516	-84.927223
11843.261719	-83.895256
11864.794922	-83.223969
11886.328125	-82.640930
11907.861328	-81.762344
11929.394531	-81.313004
11950.927734	-81.148125
11972.460938	-80.937576
11993.994141	-80.297600
12015.527344	-80.000610
12037.060547	-79.667732
12058.593750	-79.604713
12080.126953	-80.037163
12101.660156	-79.914246
12123.193359	-79.770058
12144.726562	-80.414330
12166.259766	-80.368004
12187.792969	-80.518738
12209.326172	-81.010025
12230.859375	-81.452446
12252.392578	-82.179100
12273.925781	-83.040749
12295.458984	-83.652672
12316.992188	-84.539436
12338.525391	-85.128044
12360.058594	-86.073959
12381.591797	-86.835915
12403.125000	-87.129120
12424.658203	-86.930275
12446.191406	-86.930649
12467.724609	-86.848701
12489.257812	-85.992645
12510.791016	-85.739899
12532.324219	-85.945999
12553.857422	-85.654724
12575.390625	-85.038818
12596.923828	-84.774521
12618.457031	-84.589409
12639.990234	-84.207085
12661.523438	-84.113129
12683.056641	-83.759819
12704.589844	-83.787697
12726.123047	-84.179573
12747.656250	-84.541763
12769.189453	-85.073990
12790.722656	-85.907494
12812.255859	-86.775429
12833.789062	-87.691963
12855.322266	-89.054985
12876.855469	-90.749557
12898.388672	-92.048965
12919.921875	-93.043213
12941.455078	-92.584061
12962.988281	-91.817474
12984.521484	-90.566826
13006.054688	-89.430229
13027.587891	-88.339394
13049.121094	-86.864174
13070.654297	-85.757980
13092.187500	-85.180389
13113.720703	-84.608078
13135.253906	-84.213142
13156.787109	-84.002960
13178.320312	-83.956139
13199.853516	-83.639236
13221.386719	-83.581253
13242.919922	-83.663986
13264.453125	-83.762749
13285.986328	-84.042084
13307.519531	-84.314613
13329.052734	-84.653503
13350.585938	-84.566826
13372.119141	-84.657532
13393.652344	-84.542130
13415.185547	-84.361664
13436.718750	-84.051895
13458.251953	-84.340958
13479.785156	-84.554405
13501.318359	-83.972908
13522.851562	-83.831505
13544.384766	-84.277954
13565.917969	-84.317291
13587.451172	-84.083374
13608.984375	-84.147903
13630.517578	-84.611053
13652.050781	-84.698570
13673.583984	-84.804070
13695.117188	-84.975746
13716.650391	-84.870850
13738.183594	-84.914436
13759.716797	-85.140671
13781.250000	-85.464317
13802.783203	-86.085129
13824.316406	-86.338966
13845.849609	-86.778206
13867.382812	-88.068947
13888.916016	-88.726830
13910.449219	-89.946640
13931.982422	-91.213470
13953.515625	-92.247536
13975.048828	-93.867195
13996.582031	-94.754059
14018.115234	-95.051765
14039.648438	-94.240990
14061.181641	-94.620972
14082.714844	-94.535896
14104.248047	-93.573006
14125.781250	-92.762733
14147.314453	-91.792336
14168.847656	-91.580078
14190.380859	-91.014503
14211.914062	-90.851768
14233.447266	-90.230690
14254.980469	-90.151176
14276.513672	-90.946106
14298.046875	-91.624901
14319.580078	-92.296684
14341.113281	-93.040642
14362.646484	-94.473717
14384.179688	-95.915329
14405.712891	-97.764252
14427.246094	-100.231667
14448.779297	-100.534325
14470.312500	-101.765869
14491.845703	-98.931938
14513.378906	-96.381088
14534.912109	-93.500786
14556.445312	-91.615189
14577.978516	-90.928810
14599.511719	-90.113815
14621.044922	-89.065781
14642.578125	-88.174301
14664.111328	-87.500046
14685.644531	-86.763313
14707.177734	-85.931549
14728.710938	-85.683800
14750.244141	-85.256149
14771.777344	-85.016273
14793.310547	-85.258575
14814.843750	-85.130470
14836.376953	-85.009926
14857.910156	-84.639641
14879.443359	-84.850060
14900.976562	-85.237900
14922.509766	-85.803185
14944.042969	-85.962166
14965.576172	-86.419159
14987.109375	-86.345673
15008.642578	-86.847862
15030.175781	-87.357246
15051.708984	-87.483047
15073.242188	-88.389374
15094.775391	-88.648804
15116.308594	-89.131996
15137.841797	-89.607246
15159.375000	-90.527145
15180.908203	-90.980698
15202.441406	-91.662170
15223.974609	-92.202141
15245.507812	-92.240211
15267.041016	-93.296425
15288.574219	-94.229408
15310.107422	-94.347816
15331.640625	-93.947144
15353.173828	-93.661377
15374.707031	-94.832603
15396.240234	-95.047127
15417.773438	-95.368095
15439.306641	-94.959045
15460.839844	-95.324738
15482.373047	-96.127357
15503.906250	-96.350983
15525.439453	-96.454659
15546.972656	-96.163414
15568.505859	-97.499084
15590.039062	-98.023895
15611.572266	-98.134956
15633.105469	-97.528702
15654.638672	-98.083145
15676.171875	-100.110504
15697.705078	-100.144821
15719.238281	-100.796364
15740.771484	-98.724808
15762.304688	-100.687965
15783.837891	-101.978737
15805.371094	-102.156456
15826.904297	-100.007805
15848.437500	-97.828613
15869.970703	-101.352448
15891.503906	-102.011292
15913.037109	-102.322182
15934.570312	-100.280724
15956.103516	-100.733971
15977.636719	-102.193192
15999.169922	-101.790596
16020.703125	-101.646011
16042.236328	-98.968178
16063.769531	-101.385818
16085.302734	-102.049583
16106.835938	-101.782661
16128.369141	-100.078293
16149.902344	-98.907845
16171.435547	-102.322922
16192.968750	-101.771683
16214.501953	-102.220863
16236.035156	-100.190590
16257.568359	-100.880638
16279.101562	-102.402657
16300.634766	-102.104874
16322.167969	-101.098373
16343.701172	-97.957550
16365.234375	-101.335060
16386.767578	-102.481384
16408.300781	-102.442924
16429.833984	-100.152977
16451.367188	-99.442039
16472.900391	-102.766685
16494.433594	-102.121643
16515.966797	-102.276962
16537.500000	-99.017479
16559.033203	-100.410698
16580.566406	-102.114525
16602.099609	-101.820969
16623.632812	-100.685684
16645.166016	-98.022667
16666.699219	-101.141823
16688.232422	-101.745483
16709.765625	-102.212982
16731.298828	-99.741264
16752.832031	-99.235748
16774.365234	-101.770653
16795.898438	-101.150444
16817.431641	-101.476234
16838.964844	-98.123871
16860.498047	-99.698349
16882.031250	-101.309250
16903.564453	-101.074966
16925.097656	-99.616234
16946.630859	-97.402130
16968.164062	-100.345337
16989.697266	-100.554138
17011.230469	-100.659935
17032.763672	-98.842888
17054.296875	-98.808868
17075.830078	-100.613197
17097.363281	-100.181396
17118.896484	-99.560173
17140.429688	-96.739441
17161.962891	-98.794220
17183.496094	-100.011566
17205.029297	-99.655388
17226.562500	-97.790924
17248.095703	-96.136086
17269.628906	-99.164619
17291.162109	-99.116241
17312.695312	-99.454765
17334.228516	-97.100311
17355.761719	-97.235153
17377.294922	-99.241455
17398.828125	-98.994507
17420.361328	-98.387932
17441.894531	-96.030853
17463.427734	-98.158775
17484.960938	-98.827271
17506.494141	-99.235474
17528.027344	-98.157043
17549.560547	-97.517662
17571.093750	-99.132309
17592.626953	-98.804459
17614.160156	-98.959229
17635.693359	-96.245453
17657.226562	-97.139870
17678.759766	-98.952553
17700.292969	-98.387650
17721.826172	-97.918274
17743.359375	-95.894905
17764.892578	-97.832336
17786.425781	-97.913307
17807.958984	-98.247810
17829.492188	-96.755348
17851.025391	-96.072968
17872.558594	-97.911774
17894.091797	-97.568237
17915.625000	-97.523285
17937.158203	-94.316284
17958.691406	-94.968246
17980.224609	-92.479889
18001.757812	-93.962952
18023.291016	-96.465118
18044.824219	-94.825012
18066.357422	-96.988312
18087.890625	-96.596542
18109.423828	-97.006454
18130.957031	-94.966904
18152.490234	-94.675568
18174.023438	-96.451324
18195.556641	-95.831749
18217.089844	-96.678024
18238.623047	-94.870750
18260.156250	-96.041420
18281.689453	-96.485413
18303.222656	-96.191498
18324.755859	-95.855858
18346.289062	-94.397537
18367.822266	-95.762634
18389.355469	-95.182617
18410.888672	-95.849289
18432.421875	-94.363266
18453.955078	-94.160286
18475.488281	-95.631676
18497.021484	-95.481575
18518.554688	-95.759064
18540.087891	-93.694084
18561.621094	-95.150146
18583.154297	-95.113136
18604.687500	-95.564827
18626.220703	-94.793465
18647.753906	-93.372231
18669.287109	-95.739075
18690.820312	-95.168854
18712.353516	-95.758774
18733.886719	-93.342621
18755.419922	-93.804680
18776.953125	-95.390717
18798.486328	-94.558708
18820.019531	-94.669144
18841.552734	-92.583252
18863.085938	-94.763542
18884.619141	-94.436592
18906.152344	-94.810211
18927.685547	-94.103966
18949.218750	-93.130730
18970.751953	-95.464836
18992.285156	-94.375595
19013.818359	-94.738098
19035.351562	-92.044937
19056.884766	-93.083488
19078.417969	-94.646912
19099.951172	-93.864395
19121.484375	-94.386124
19143.017578	-92.654366
19164.550781	-94.526283
19186.083984	-94.059387
19207.617188	-94.557800
19229.150391	-92.735092
19250.683594	-91.904152
19272.216797	-94.483543
19293.750000	-93.296066
19315.283203	-93.972923
19336.816406	-91.380219
19358.349609	-92.386238
19379.882812	-93.180779
19401.416016	-92.056580
19422.949219	-93.056519
19444.482422	-91.485657
19466.015625	-93.571663
19487.548828	-92.441963
19509.082031	-93.101379
19530.615234	-92.216278
19552.148438	-91.779991
19573.681641	-93.758278
19595.214844	-92.830452
19616.748047	-94.307709
19638.281250	-92.686592
19659.814453	-93.426582
19681.347656	-93.456200
19702.880859	-92.653252
19724.414062	-92.918686
19745.947266	-91.560890
19767.480469	-93.972443
19789.013672	-93.043976
19810.546875	-93.798744
19832.080078	-93.325905
19853.613281	-93.269844
19875.146484	-94.779007
19896.679688	-94.114601
19918.212891	-94.102776
19939.746094	-92.207024
19961.279297	-93.594757
19982.812500	-94.378044
20004.345703	-94.014671
20025.878906	-94.160164
20047.412109	-93.356934
20068.945312	-95.242592
20090.478516	-94.596283
20112.011719	-95.123123
20133.544922	-93.949211
20155.078125	-94.261978
20176.611328	-95.640785
20198.144531	-95.478531
20219.677734	-95.456329
20241.210938	-94.559738
20262.744141	-95.732773
20284.277344	-96.166252
20305.810547	-96.802719
20327.343750	-96.115700
20348.876953	-95.726128
20370.410156	-97.351646
20391.943359	-97.063148
20413.476562	-97.384056
20435.009766	-96.546104
20456.542969	-97.130020
20478.076172	-97.732437
20499.609375	-97.587410
20521.142578	-97.832336
20542.675781	-97.080154
20564.208984	-98.656387
20585.742188	-98.812698
20607.275391	-98.621834
20628.808594	-97.934616
20650.341797	-97.580269
20671.875000	-99.185364
20693.408203	-98.793236
20714.941406	-99.595314
20736.474609	-98.620766
20758.007812	-99.006531
20779.541016	-99.661423
20801.074219	-99.991081
20822.607422	-99.573494
20844.140625	-98.611763
20865.673828	-100.367157
20887.207031	-100.006035
20908.740234	-100.289497
20930.273438	-100.393478
20951.806641	-100.564949
20973.339844	-101.189392
20994.873047	-100.857986
21016.406250	-101.102287
21037.939453	-100.016899
21059.472656	-100.905273
21081.005859	-101.513947
21102.539062	-101.013893
21124.072266	-101.176445
21145.605469	-101.125587
21167.138672	-102.221077
21188.671875	-101.833458
21210.205078	-101.703705
21231.738281	-101.560341
21253.271484	-101.587502
21274.804688	-102.338478
21296.337891	-102.240219
21317.871094	-102.189621
21339.404297	-101.434242
21360.937500	-102.350182
21382.470703	-102.959244
21404.003906	-103.022354
21425.537109	-102.883911
21447.070312	-102.410759
21468.603516	-103.077499
21490.136719	-103.021805
21511.669922	-102.964615
21533.203125	-102.515350
21554.736328	-102.521042
21576.269531	-103.182327
21597.802734	-103.544258
21619.335938	-103.915909
21640.869141	-103.525314
21662.402344	-103.780968
21683.935547	-103.907143
21705.468750	-104.129852
21727.001953	-103.531754
21748.535156	-103.191536
21770.068359	-104.167137
21791.601562	-104.089241
21813.134766	-104.261307
21834.667969	-104.012093
21856.201172	-104.154030
21877.734375	-104.309860
21899.267578	-104.284279
21920.800781	-104.703789
21942.333984	-104.474899
21963.867188	-104.336708
21985.400391	-104.332565
22006.933594	-104.256805
22028.466797	-104.630920
