Frequency (Hz)	Level (dB)
21.533203	-55.527493
43.066406	-44.949673
64.599609	-47.014492
86.132812	-61.929581
107.666016	-63.906216
129.199219	-70.911331
150.732422	-66.156525
172.265625	-53.777180
193.798828	-49.927601
215.332031	-55.285419
236.865234	-71.110184
258.398438	-78.680107
279.931641	-74.540756
301.464844	-69.410194
322.998047	-71.538353
344.531250	-68.693619
366.064453	-71.556229
387.597656	-78.604416
409.130859	-79.016136
430.664062	-76.569214
452.197266	-72.255257
473.730469	-78.449318
495.263672	-81.432808
516.796875	-84.215515
538.330078	-85.028069
559.863281	-84.129265
581.396484	-85.361969
602.929688	-83.110832
624.462891	-81.910233
645.996094	-77.098572
667.529297	-80.860748
689.062500	-89.685394
710.595703	-90.171425
732.128906	-87.977928
753.662109	-84.933479
775.195312	-88.474510
796.728516	-83.190887
818.261719	-86.690163
839.794922	-85.412270
861.328125	-85.806442
882.861328	-91.883217
904.394531	-90.904640
925.927734	-83.507080
947.460938	-76.444023
968.994141	-80.946907
990.527344	-86.383820
1012.060547	-86.771896
1033.593750	-88.303596
1055.126953	-86.042183
1076.660156	-90.643570
1098.193359	-89.477646
1119.726562	-90.003967
1141.259766	-86.141884
1162.792969	-85.531517
1184.326172	-86.329826
1205.859375	-87.496544
1227.392578	-84.197144
1248.925781	-78.847534
1270.458984	-83.973846
1291.992188	-88.734589
1313.525391	-88.953049
1335.058594	-88.116272
1356.591797	-86.981560
1378.125000	-89.501740
1399.658203	-88.774986
1421.191406	-88.758347
1442.724609	-86.105133
1464.257812	-87.857849
1485.791016	-89.592163
1507.324219	-85.306908
1528.857422	-83.713097
1550.390625	-82.513611
1571.923828	-82.918686
1593.457031	-85.939926
1614.990234	-91.491592
1636.523438	-92.479897
1658.056641	-91.673302
1679.589844	-95.217606
1701.123047	-91.963486
1722.656250	-92.460106
1744.189453	-87.371696
1765.722656	-89.177956
1787.255859	-91.579544
1808.789062	-91.311974
1830.322266	-90.166641
1851.855469	-87.156761
1873.388672	-87.683205
1894.921875	-87.773369
1916.455078	-89.675690
1937.988281	-91.274429
1959.521484	-86.354240
1981.054688	-82.819580
2002.587891	-81.929436
2024.121094	-81.686623
2045.654297	-78.196846
2067.187500	-75.403114
2088.720703	-73.516151
2110.253906	-73.635841
2131.787109	-74.373489
2153.320312	-74.934883
2174.853516	-75.571869
2196.386719	-75.945000
2217.919922	-77.055962
2239.453125	-79.241417
2260.986328	-82.663849
2282.519531	-86.103592
2304.052734	-89.562294
2325.585938	-92.265511
2347.119141	-89.006401
2368.652344	-92.086304
2390.185547	-93.738197
2411.718750	-94.274261
2433.251953	-94.340469
2454.785156	-92.913132
2476.318359	-95.125046
2497.851562	-94.003288
2519.384766	-93.861618
2540.917969	-93.130600
2562.451172	-92.274979
2583.984375	-91.432922
2605.517578	-91.331749
2627.050781	-91.813652
2648.583984	-92.394859
2670.117188	-93.923676
2691.650391	-93.965431
2713.183594	-94.154213
2734.716797	-94.840157
2756.250000	-95.674011
2777.783203	-97.528183
2799.316406	-97.142677
2820.849609	-100.414467
2842.382812	-97.253647
2863.916016	-98.345062
2885.449219	-98.321518
2906.982422	-96.928787
2928.515625	-97.371315
2950.048828	-94.927635
2971.582031	-97.488541
2993.115234	-96.729790
3014.648438	-97.864632
3036.181641	-96.361549
3057.714844	-92.037384
3079.248047	-89.577759
3100.781250	-87.380432
3122.314453	-86.582397
3143.847656	-86.867851
3165.380859	-87.330734
3186.914062	-88.499969
3208.447266	-88.770248
3229.980469	-86.199181
3251.513672	-83.819557
3273.046875	-83.433250
3294.580078	-83.860397
3316.113281	-85.101524
3337.646484	-86.230453
3359.179688	-87.574081
3380.712891	-88.540276
3402.246094	-88.789597
3423.779297	-88.584282
3445.312500	-88.145676
3466.845703	-88.479912
3488.378906	-88.834557
3509.912109	-89.386108
3531.445312	-90.407654
3552.978516	-91.623070
3574.511719	-93.163406
3596.044922	-94.202774
3617.578125	-95.471077
3639.111328	-96.846931
3660.644531	-97.988655
3682.177734	-97.053917
3703.710938	-93.281273
3725.244141	-89.369576
3746.777344	-85.675858
3768.310547	-83.310799
3789.843750	-81.253326
3811.376953	-78.874519
3832.910156	-77.188240
3854.443359	-76.150932
3875.976562	-76.080055
3897.509766	-76.476456
3919.042969	-77.243881
3940.576172	-78.225998
3962.109375	-78.948372
3983.642578	-79.075745
4005.175781	-79.837952
4026.708984	-80.649315
4048.242188	-81.767090
4069.775391	-82.749260
4091.308594	-84.540329
4112.841797	-86.206886
4134.375000	-87.662659
4155.908203	-89.243248
4177.441406	-91.751617
4198.974609	-94.604149
4220.507812	-97.348434
4242.041016	-97.365623
4263.574219	-97.027725
4285.107422	-96.084229
4306.640625	-93.830826
4328.173828	-91.247719
4349.707031	-88.678856
4371.240234	-86.777702
4392.773438	-84.860138
4414.306641	-83.762611
4435.839844	-82.864983
4457.373047	-81.948540
4478.906250	-80.924118
4500.439453	-80.073952
4521.972656	-79.712311
4543.505859	-78.995102
4565.039062	-78.466713
4586.572266	-78.844070
4608.105469	-79.310455
4629.638672	-80.347267
4651.171875	-81.642365
4672.705078	-82.566940
4694.238281	-82.455986
4715.771484	-81.680481
4737.304688	-81.053329
4758.837891	-80.870140
4780.371094	-81.031868
4801.904297	-81.569740
4823.437500	-82.401894
4844.970703	-84.022064
4866.503906	-86.011841
4888.037109	-89.187660
4909.570312	-91.938911
4931.103516	-90.777611
4952.636719	-87.478882
4974.169922	-84.845238
4995.703125	-82.402092
5017.236328	-80.412498
5038.769531	-79.028496
5060.302734	-77.596909
5081.835938	-76.113434
5103.369141	-75.047806
5124.902344	-74.271965
5146.435547	-72.909515
5167.968750	-71.753304
5189.501953	-71.592117
5211.035156	-72.042160
5232.568359	-72.023483
5254.101562	-72.575180
5275.634766	-73.865723
5297.167969	-75.023361
5318.701172	-76.570053
5340.234375	-77.945145
5361.767578	-79.115189
5383.300781	-79.830536
5404.833984	-80.819481
5426.367188	-82.413910
5447.900391	-83.807137
5469.433594	-85.752228
5490.966797	-85.938087
5512.500000	-83.715981
5534.033203	-80.402153
5555.566406	-77.435852
5577.099609	-75.926910
5598.632812	-74.651146
5620.166016	-73.698334
5641.699219	-73.495773
5663.232422	-74.063484
5684.765625	-74.362366
5706.298828	-75.041756
5727.832031	-75.227745
5749.365234	-75.164665
5770.898438	-75.231956
5792.431641	-75.357033
5813.964844	-76.644493
5835.498047	-78.226234
5857.031250	-80.614929
5878.564453	-83.858101
5900.097656	-88.116310
5921.630859	-89.860321
5943.164062	-86.161736
5964.697266	-83.869545
5986.230469	-83.019722
6007.763672	-82.566010
6029.296875	-81.843544
6050.830078	-80.935036
6072.363281	-80.547226
6093.896484	-80.321999
6115.429688	-80.427574
6136.962891	-81.081673
6158.496094	-82.032959
6180.029297	-83.005745
6201.562500	-84.087311
6223.095703	-85.001396
6244.628906	-85.874039
6266.162109	-85.012360
6287.695312	-84.135689
6309.228516	-83.570740
6330.761719	-83.294449
6352.294922	-82.964462
6373.828125	-83.496124
6395.361328	-83.911774
6416.894531	-83.864655
6438.427734	-83.327751
6459.960938	-82.888008
6481.494141	-82.719162
6503.027344	-82.753868
6524.560547	-83.121689
6546.093750	-83.561859
6567.626953	-83.960670
6589.160156	-84.615936
6610.693359	-85.357681
6632.226562	-86.148155
6653.759766	-86.810135
6675.292969	-87.302025
6696.826172	-86.945084
6718.359375	-86.492218
6739.892578	-86.037613
6761.425781	-85.012909
6782.958984	-84.704575
6804.492188	-84.038612
6826.025391	-84.064461
6847.558594	-84.128502
6869.091797	-83.928673
6890.625000	-84.381310
6912.158203	-84.682793
6933.691406	-84.905678
6955.224609	-85.261368
6976.757812	-85.906670
6998.291016	-86.127876
7019.824219	-86.806602
7041.357422	-87.219734
7062.890625	-87.354111
7084.423828	-87.289482
7105.957031	-86.759827
7127.490234	-86.458588
7149.023438	-86.149399
7170.556641	-85.853554
7192.089844	-84.956993
7213.623047	-85.153015
7235.156250	-85.627281
7256.689453	-86.271751
7278.222656	-86.572250
7299.755859	-87.006104
7321.289062	-87.750343
7342.822266	-87.832275
7364.355469	-88.684128
7385.888672	-89.846939
7407.421875	-90.472168
7428.955078	-90.715805
7450.488281	-90.390724
7472.021484	-89.503967
7493.554688	-88.364815
7515.087891	-87.364197
7536.621094	-86.202538
7558.154297	-85.070129
7579.687500	-84.435669
7601.220703	-83.984314
7622.753906	-82.995796
7644.287109	-82.769333
7665.820312	-82.475983
7687.353516	-82.529793
7708.886719	-82.680992
7730.419922	-83.430161
7751.953125	-84.033730
7773.486328	-84.413124
7795.019531	-85.945419
7816.552734	-86.948967
7838.085938	-87.709282
7859.619141	-89.110558
7881.152344	-90.777916
7902.685547	-91.716728
7924.218750	-92.409714
7945.751953	-92.946465
7967.285156	-93.877289
7988.818359	-95.104500
8010.351562	-96.319893
8031.884766	-97.689980
8053.417969	-98.726768
8074.951172	-103.329613
8096.484375	-106.030502
8118.017578	-102.753403
8139.550781	-97.725731
8161.083984	-96.430435
8182.617188	-95.488243
8204.150391	-93.901260
8225.683594	-92.015121
8247.216797	-90.722038
8268.750000	-90.085869
8290.283203	-89.359901
8311.816406	-89.144806
8333.349609	-88.886864
8354.882812	-88.324356
8376.416016	-88.072205
8397.949219	-87.502129
8419.482422	-87.163841
8441.015625	-87.008957
8462.548828	-86.760399
8484.082031	-86.798866
8505.615234	-87.061127
8527.148438	-86.330597
8548.681641	-86.713341
8570.214844	-86.811569
8591.748047	-86.312492
8613.281250	-86.410446
8634.814453	-86.461174
8656.347656	-86.511284
8677.880859	-86.292366
8699.414062	-86.667938
8720.947266	-87.083961
8742.480469	-87.896622
8764.013672	-88.592407
8785.546875	-88.947166
8807.080078	-89.673386
8828.613281	-89.810234
8850.146484	-89.498276
8871.679688	-89.400864
8893.212891	-88.969711
8914.746094	-88.623322
8936.279297	-88.217964
8957.812500	-88.140305
8979.345703	-88.377609
9000.878906	-88.062820
9022.412109	-88.254257
9043.945312	-88.398796
9065.478516	-88.365318
9087.011719	-88.807991
9108.544922	-89.265701
9130.078125	-89.254990
9151.611328	-89.456276
9173.144531	-89.831841
9194.677734	-90.162170
9216.210938	-91.138313
9237.744141	-91.756477
9259.277344	-92.506027
9280.810547	-93.200821
9302.343750	-94.488312
9323.876953	-95.600243
9345.410156	-95.382683
9366.943359	-95.074013
9388.476562	-93.407295
9410.009766	-91.863731
9431.542969	-90.831467
9453.076172	-89.555092
9474.609375	-89.181618
9496.142578	-88.767052
9517.675781	-88.416496
9539.208984	-88.111038
9560.742188	-88.329735
9582.275391	-88.800758
9603.808594	-88.583458
9625.341797	-88.823257
9646.875000	-88.879501
9668.408203	-89.263138
9689.941406	-89.704147
9711.474609	-90.486794
9733.007812	-90.861404
9754.541016	-91.480240
9776.074219	-92.342682
9797.607422	-92.815582
9819.140625	-93.941841
9840.673828	-94.964645
9862.207031	-96.752480
9883.740234	-98.440681
9905.273438	-99.461555
9926.806641	-99.150620
9948.339844	-97.774597
9969.873047	-98.708755
9991.406250	-98.396400
10012.939453	-97.822304
10034.472656	-97.072792
10056.005859	-96.106102
10077.539062	-95.416168
10099.072266	-94.801247
10120.605469	-93.659866
10142.138672	-92.210541
10163.671875	-91.588142
10185.205078	-91.404167
10206.738281	-90.382187
10228.271484	-89.830742
10249.804688	-89.203178
10271.337891	-88.865219
10292.871094	-88.585892
10314.404297	-88.074753
10335.937500	-88.399445
10357.470703	-88.757751
10379.003906	-89.151527
10400.537109	-89.616531
10422.070312	-89.778343
10443.603516	-89.651291
10465.136719	-90.163063
10486.669922	-90.446320
10508.203125	-90.893112
10529.736328	-91.158257
10551.269531	-90.765701
10572.802734	-91.110275
10594.335938	-90.831123
10615.869141	-90.762573
10637.402344	-90.475365
10658.935547	-90.889931
10680.468750	-91.265121
10702.001953	-91.057877
10723.535156	-90.472763
10745.068359	-90.378456
10766.601562	-90.720779
10788.134766	-90.455940
10809.667969	-90.600960
10831.201172	-90.300636
10852.734375	-89.764168
10874.267578	-89.774849
10895.800781	-89.271545
10917.333984	-88.772316
10938.867188	-88.592896
10960.400391	-88.569016
10981.933594	-88.723274
11003.466797	-87.807732
11025.000000	-87.220108
11046.533203	-86.780724
11068.066406	-86.866753
11089.599609	-86.692680
11111.132812	-86.722687
11132.666016	-86.014915
11154.199219	-85.632294
11175.732422	-85.463760
11197.265625	-85.438210
11218.798828	-84.364265
11240.332031	-83.707268
11261.865234	-83.739464
11283.398438	-83.156685
11304.931641	-82.474777
11326.464844	-82.256584
11347.998047	-81.723488
11369.531250	-81.544220
11391.064453	-81.143066
11412.597656	-81.085228
11434.130859	-81.268921
11455.664062	-81.230843
11477.197266	-81.275856
11498.730469	-80.912880
11520.263672	-80.879898
11541.796875	-80.545654
11563.330078	-80.393280
11584.863281	-80.708076
11606.396484	-80.234886
11627.929688	-79.852097
11649.462891	-79.900253
11670.996094	-79.791451
11692.529297	-79.608734
11714.062500	-79.879791
11735.595703	-80.427284
11757.128906	-80.664574
11778.662109	-81.086624
11800.195312	-81.684097
11821.728516	-81.939880
11843.261719	-82.409035
11864.794922	-83.020157
11886.328125	-83.577873
11907.861328	-84.012047
11929.394531	-84.496155
11950.927734	-85.182709
11972.460938	-86.075684
11993.994141	-86.683685
12015.527344	-87.325844
12037.060547	-87.591232
12058.593750	-88.018188
12080.126953	-89.008072
12101.660156	-89.080528
12123.193359	-89.325951
12144.726562	-89.785545
12166.259766	-90.116333
12187.792969	-90.668991
12209.326172	-90.442505
12230.859375	-89.779114
12252.392578	-89.037987
12273.925781	-88.404594
12295.458984	-87.911865
12316.992188	-87.023308
12338.525391	-86.237328
12360.058594	-85.859474
12381.591797	-85.655830
12403.125000	-84.782257
12424.658203	-84.238419
12446.191406	-83.802628
12467.724609	-83.681839
12489.257812	-83.581306
12510.791016	-83.665428
12532.324219	-84.310722
12553.857422	-84.591888
12575.390625	-84.235756
12596.923828	-83.875656
12618.457031	-83.583626
12639.990234	-83.252220
12661.523438	-82.944191
12683.056641	-82.615150
12704.589844	-82.623459
12726.123047	-83.136963
12747.656250	-83.406303
12769.189453	-83.770065
12790.722656	-84.167892
12812.255859	-84.389587
12833.789062	-84.579674
12855.322266	-84.715652
12876.855469	-84.406052
12898.388672	-84.235847
12919.921875	-84.179062
12941.455078	-84.046608
12962.988281	-83.337578
12984.521484	-83.075577
13006.054688	-82.843056
13027.587891	-82.660934
13049.121094	-82.273941
13070.654297	-82.121742
13092.187500	-82.199272
13113.720703	-82.265961
13135.253906	-82.392868
13156.787109	-82.606796
13178.320312	-83.015701
13199.853516	-83.099564
13221.386719	-83.527557
13242.919922	-83.890427
13264.453125	-84.136284
13285.986328	-84.626808
13307.519531	-85.418144
13329.052734	-85.653938
13350.585938	-85.671570
13372.119141	-86.117310
13393.652344	-86.153824
13415.185547	-86.111908
13436.718750	-86.303993
13458.251953	-86.601280
13479.785156	-86.821220
13501.318359	-86.691017
13522.851562	-86.954063
13544.384766	-87.451759
13565.917969	-87.217293
13587.451172	-87.065468
13608.984375	-87.509789
13630.517578	-88.186180
13652.050781	-88.429550
13673.583984	-89.269348
13695.117188	-90.005692
13716.650391	-90.535118
13738.183594	-90.932549
13759.716797	-91.677315
13781.250000	-92.892639
13802.783203	-93.648643
13824.316406	-94.068680
13845.849609	-93.913139
13867.382812	-94.804588
13888.916016	-95.145782
13910.449219	-95.648834
13931.982422	-95.180252
13953.515625	-94.484566
13975.048828	-95.932076
13996.582031	-96.331612
14018.115234	-96.061165
14039.648438	-94.944885
14061.181641	-95.740311
14082.714844	-96.584045
14104.248047	-96.873566
14125.781250	-96.733223
14147.314453	-95.600090
14168.847656	-96.936310
14190.380859	-97.753212
14211.914062	-97.918869
14233.447266	-97.244804
14254.980469	-97.300484
14276.513672	-98.670158
14298.046875	-99.129311
14319.580078	-99.369827
14341.113281	-98.272156
14362.646484	-99.653854
14384.179688	-100.954773
14405.712891	-101.203445
14427.246094	-100.000343
14448.779297	-98.327652
14470.312500	-100.770294
14491.845703	-101.636658
14513.378906	-101.655251
14534.912109	-99.586487
14556.445312	-98.961021
14577.978516	-100.177811
14599.511719	-99.702721
14621.044922	-99.181297
14642.578125	-96.971420
14664.111328	-97.950394
14685.644531	-98.027298
14707.177734	-97.211044
14728.710938	-96.460312
14750.244141	-95.464493
14771.777344	-96.019981
14793.310547	-95.470680
14814.843750	-95.129150
14836.376953	-94.388809
14857.910156	-93.760956
14879.443359	-93.293793
14900.976562	-92.830292
14922.509766	-92.656471
14944.042969	-91.752792
14965.576172	-91.538727
14987.109375	-91.083107
15008.642578	-90.640671
15030.175781	-90.568779
15051.708984	-90.143982
15073.242188	-90.170067
15094.775391	-89.718529
15116.308594	-89.194099
15137.841797	-89.165237
15159.375000	-89.483986
15180.908203	-89.517700
15202.441406	-89.687576
15223.974609	-89.998901
15245.507812	-89.954620
15267.041016	-90.724770
15288.574219	-91.114502
15310.107422	-91.366867
15331.640625	-91.431953
15353.173828	-91.404930
15374.707031	-91.552185
15396.240234	-91.661201
15417.773438	-92.009445
15439.306641	-91.602600
15460.839844	-92.209389
15482.373047	-93.393906
15503.906250	-94.105827
15525.439453	-94.960358
15546.972656	-95.028976
15568.505859	-96.555954
15590.039062	-97.770012
15611.572266	-98.644279
15633.105469	-98.016426
15654.638672	-97.582054
15676.171875	-98.544365
15697.705078	-97.270515
15719.238281	-95.839722
15740.771484	-93.648849
15762.304688	-92.870926
15783.837891	-92.150398
15805.371094	-91.543251
15826.904297	-90.213219
15848.437500	-89.149818
15869.970703	-89.011024
15891.503906	-88.605606
15913.037109	-88.496033
15934.570312	-87.757835
15956.103516	-87.293343
15977.636719	-87.264763
15999.169922	-87.100868
16020.703125	-86.908081
16042.236328	-86.694717
16063.769531	-86.601585
16085.302734	-86.753189
16106.835938	-86.500046
16128.369141	-86.339561
16149.902344	-86.269852
16171.435547	-86.278618
16192.968750	-86.186966
16214.501953	-86.738358
16236.035156	-86.901459
16257.568359	-86.828712
16279.101562	-87.092186
16300.634766	-87.667717
16322.167969	-88.341713
16343.701172	-88.522148
16365.234375	-88.923195
16386.767578	-89.016228
16408.300781	-89.703041
16429.833984	-90.167221
16451.367188	-90.031189
16472.900391	-90.703987
16494.433594	-91.433800
16515.966797	-91.926582
16537.500000	-91.794624
16559.033203	-92.197899
16580.566406	-93.455933
16602.099609	-94.001404
16623.632812	-94.122620
16645.166016	-93.753143
16666.699219	-95.317184
16688.232422	-96.146126
16709.765625	-96.572838
16731.298828	-96.161606
16752.832031	-95.565125
16774.365234	-97.229134
16795.898438	-97.090881
16817.431641	-97.561470
16838.964844	-96.015121
16860.498047	-96.392578
16882.031250	-97.915512
16903.564453	-98.040741
16925.097656	-97.860207
16946.630859	-95.978455
16968.164062	-97.765457
16989.697266	-98.645248
17011.230469	-98.966377
17032.763672	-97.101509
17054.296875	-96.693909
17075.830078	-98.571732
17097.363281	-98.314957
17118.896484	-98.700951
17140.429688	-96.927948
17161.962891	-97.712784
17183.496094	-98.243835
17205.029297	-97.983032
17226.562500	-97.020401
17248.095703	-95.482407
17269.628906	-97.454819
17291.162109	-97.296989
17312.695312	-97.168236
17334.228516	-95.722046
17355.761719	-95.379913
17377.294922	-96.514420
17398.828125	-96.020897
17420.361328	-95.844559
17441.894531	-94.342590
17463.427734	-95.351532
17484.960938	-95.513794
17506.494141	-95.527939
17528.027344	-94.808853
17549.560547	-93.581978
17571.093750	-94.736992
17592.626953	-94.636124
17614.160156	-95.397934
17635.693359	-94.532570
17657.226562	-94.580688
17678.759766	-95.357933
17700.292969	-94.950905
17721.826172	-94.808090
17743.359375	-93.187820
17764.892578	-94.757782
17786.425781	-95.491562
17807.958984	-95.497238
17829.492188	-95.295578
17851.025391	-94.762978
17872.558594	-96.117630
17894.091797	-95.978592
17915.625000	-96.092888
17937.158203	-94.159637
17958.691406	-94.164444
17980.224609	-91.143448
18001.757812	-92.616020
18023.291016	-95.573639
18044.824219	-93.437927
18066.357422	-95.426071
18087.890625	-95.968567
18109.423828	-96.241783
18130.957031	-95.188652
18152.490234	-94.218445
18174.023438	-95.960083
18195.556641	-95.595818
18217.089844	-95.729744
18238.623047	-93.289551
18260.156250	-94.191254
18281.689453	-95.163651
18303.222656	-95.061653
18324.755859	-94.870728
18346.289062	-93.392570
18367.822266	-94.790489
18389.355469	-94.215012
18410.888672	-94.869804
18432.421875	-93.323334
18453.955078	-92.620171
18475.488281	-94.637405
18497.021484	-94.346954
18518.554688	-94.444069
18540.087891	-92.437241
18561.621094	-93.338020
18583.154297	-94.365715
18604.687500	-94.380508
18626.220703	-93.663750
18647.753906	-92.032913
18669.287109	-94.014481
18690.820312	-94.017609
18712.353516	-94.600983
18733.886719	-92.982208
18755.419922	-92.764122
18776.953125	-94.544991
18798.486328	-94.035019
18820.019531	-94.504738
18841.552734	-91.998581
18863.085938	-93.585281
18884.619141	-94.316002
18906.152344	-94.224312
18927.685547	-93.529922
18949.218750	-92.273483
18970.751953	-94.399315
18992.285156	-93.906982
19013.818359	-94.040291
19035.351562	-91.756737
19056.884766	-92.125755
19078.417969	-94.127769
19099.951172	-93.475983
19121.484375	-93.512817
19143.017578	-91.026802
19164.550781	-92.833374
19186.083984	-93.534973
19207.617188	-93.499489
19229.150391	-92.387321
19250.683594	-91.154808
19272.216797	-93.788864
19293.750000	-92.876694
19315.283203	-92.925453
19336.816406	-90.587860
19358.349609	-91.140442
19379.882812	-93.264565
19401.416016	-93.072571
19422.949219	-92.941269
19444.482422	-91.621964
19466.015625	-93.246384
19487.548828	-93.150551
19509.082031	-93.385872
19530.615234	-92.236298
19552.148438	-91.660156
19573.681641	-93.536263
19595.214844	-92.894051
19616.748047	-93.385475
19638.281250	-91.296242
19659.814453	-91.826363
19681.347656	-93.300240
19702.880859	-93.057915
19724.414062	-93.480423
19745.947266	-92.765976
19767.480469	-93.399605
19789.013672	-93.297112
19810.546875	-93.795235
19832.080078	-91.666573
19853.613281	-90.988388
19875.146484	-93.506058
19896.679688	-93.302193
19918.212891	-93.480858
19939.746094	-92.244247
19961.279297	-92.997910
19982.812500	-93.584435
20004.345703	-93.490211
20025.878906	-93.710251
20047.412109	-92.669884
20068.945312	-94.004501
20090.478516	-94.281517
20112.011719	-94.226013
20133.544922	-93.919449
20155.078125	-93.943192
20176.611328	-94.628311
20198.144531	-94.447296
20219.677734	-94.542496
20241.210938	-93.767799
20262.744141	-94.742851
20284.277344	-94.958878
20305.810547	-95.080986
20327.343750	-95.242462
20348.876953	-94.079941
20370.410156	-95.549286
20391.943359	-95.902573
20413.476562	-96.101334
20435.009766	-95.448128
20456.542969	-95.700134
20478.076172	-96.620064
20499.609375	-96.572075
20521.142578	-96.924225
20542.675781	-96.216042
20564.208984	-97.112419
20585.742188	-97.282852
20607.275391	-97.456512
20628.808594	-97.290054
20650.341797	-96.936363
20671.875000	-98.290443
20693.408203	-98.358444
20714.941406	-98.482086
20736.474609	-97.692307
20758.007812	-98.024483
20779.541016	-98.911102
20801.074219	-98.995262
20822.607422	-98.628212
20844.140625	-98.111923
20865.673828	-99.246803
20887.207031	-99.626259
20908.740234	-99.760193
20930.273438	-99.639900
20951.806641	-99.326645
20973.339844	-99.373787
20994.873047	-99.269394
21016.406250	-99.977005
21037.939453	-99.944107
21059.472656	-100.279846
21081.005859	-100.447067
21102.539062	-100.445396
21124.072266	-100.189049
21145.605469	-99.276100
21167.138672	-100.903168
21188.671875	-100.929962
21210.205078	-101.053459
21231.738281	-100.965988
21253.271484	-100.828659
21274.804688	-101.629250
21296.337891	-101.416817
21317.871094	-101.582016
21339.404297	-100.785179
21360.937500	-101.144005
21382.470703	-101.743492
21404.003906	-102.100601
21425.537109	-101.940102
21447.070312	-101.578056
21468.603516	-102.204788
21490.136719	-102.257393
21511.669922	-102.275558
21533.203125	-101.825043
21554.736328	-101.997681
21576.269531	-102.475983
21597.802734	-102.476990
21619.335938	-102.350082
21640.869141	-102.177109
21662.402344	-102.608727
21683.935547	-102.980499
21705.468750	-102.857918
21727.001953	-102.561707
21748.535156	-102.589134
21770.068359	-102.744850
21791.601562	-102.899185
21813.134766	-102.843483
21834.667969	-102.561249
21856.201172	-102.890541
21877.734375	-103.004730
21899.267578	-103.250610
21920.800781	-103.064636
21942.333984	-102.712105
21963.867188	-102.925697
21985.400391	-103.582245
22006.933594	-103.765266
22028.466797	-103.254898
