Frequency (Hz)	Level (dB)
21.533203	-56.008900
43.066406	-45.343678
64.599609	-47.418667
86.132812	-63.794064
107.666016	-66.316254
129.199219	-76.074158
150.732422	-76.590347
172.265625	-81.658447
193.798828	-77.453484
215.332031	-79.926888
236.865234	-85.105659
258.398438	-83.997536
279.931641	-78.246498
301.464844	-73.242668
322.998047	-76.669456
344.531250	-69.781631
366.064453	-72.705597
387.597656	-81.092712
409.130859	-80.542870
430.664062	-77.026611
452.197266	-72.517632
473.730469	-79.784615
495.263672	-85.500862
516.796875	-87.515793
538.330078	-84.856209
559.863281	-84.671188
581.396484	-89.295341
602.929688	-86.604553
624.462891	-81.253448
645.996094	-73.207703
667.529297	-76.967407
689.062500	-90.490837
710.595703	-91.035042
732.128906	-84.073769
753.662109	-80.442245
775.195312	-87.613739
796.728516	-86.412003
818.261719	-89.669441
839.794922	-85.755478
861.328125	-86.230331
882.861328	-93.928932
904.394531	-92.250069
925.927734	-82.489876
947.460938	-75.088463
968.994141	-79.117973
990.527344	-88.175941
1012.060547	-90.449615
1033.593750	-90.986855
1055.126953	-88.483322
1076.660156	-95.053436
1098.193359	-93.781021
1119.726562	-95.968544
1141.259766	-89.535439
1162.792969	-90.680328
1184.326172	-98.804825
1205.859375	-96.884659
1227.392578	-88.743164
1248.925781	-83.258545
1270.458984	-88.450661
1291.992188	-93.608536
1313.525391	-94.721420
1335.058594	-91.685928
1356.591797	-90.208565
1378.125000	-97.417618
1399.658203	-97.249153
1421.191406	-99.435707
1442.724609	-96.461945
1464.257812	-95.128242
1485.791016	-91.023872
1507.324219	-87.966209
1528.857422	-88.233139
1550.390625	-89.568840
1571.923828	-90.157410
1593.457031	-90.032059
1614.990234	-90.694710
1636.523438	-89.842079
1658.056641	-89.378952
1679.589844	-89.910027
1701.123047	-88.594681
1722.656250	-87.532181
1744.189453	-84.161392
1765.722656	-85.179283
1787.255859	-86.582802
1808.789062	-86.239281
1830.322266	-86.136971
1851.855469	-85.921600
1873.388672	-85.662590
1894.921875	-84.213432
1916.455078	-82.101639
1937.988281	-79.932480
1959.521484	-78.405502
1981.054688	-77.092987
2002.587891	-75.695442
2024.121094	-75.411942
2045.654297	-75.030838
2067.187500	-75.005676
2088.720703	-74.887291
2110.253906	-74.973862
2131.787109	-74.922012
2153.320312	-74.632256
2174.853516	-74.962120
2196.386719	-76.357643
2217.919922	-78.867813
2239.453125	-80.796494
2260.986328	-82.384773
2282.519531	-84.048698
2304.052734	-86.902817
2325.585938	-89.874191
2347.119141	-89.575645
2368.652344	-91.108604
2390.185547	-89.366966
2411.718750	-87.236687
2433.251953	-86.676323
2454.785156	-87.260216
2476.318359	-88.262199
2497.851562	-89.183571
2519.384766	-90.263573
2540.917969	-91.657181
2562.451172	-92.694496
2583.984375	-93.022629
2605.517578	-93.860893
2627.050781	-94.464417
2648.583984	-92.563354
2670.117188	-90.853752
2691.650391	-89.721107
2713.183594	-88.705589
2734.716797	-88.194839
2756.250000	-88.468163
2777.783203	-88.812096
2799.316406	-89.762230
2820.849609	-91.848511
2842.382812	-92.369263
2863.916016	-91.761909
2885.449219	-90.315323
2906.982422	-88.638985
2928.515625	-87.909164
2950.048828	-87.400909
2971.582031	-86.423485
2993.115234	-85.920624
3014.648438	-86.149826
3036.181641	-85.667336
3057.714844	-84.862350
3079.248047	-84.853867
3100.781250	-83.916466
3122.314453	-83.140129
3143.847656	-82.388168
3165.380859	-81.460724
3186.914062	-82.052544
3208.447266	-83.213486
3229.980469	-84.144890
3251.513672	-84.444122
3273.046875	-83.786392
3294.580078	-81.529205
3316.113281	-79.127243
3337.646484	-77.419647
3359.179688	-76.105316
3380.712891	-75.789299
3402.246094	-76.692482
3423.779297	-79.016365
3445.312500	-81.518555
3466.845703	-83.316345
3488.378906	-84.635826
3509.912109	-85.849808
3531.445312	-87.713356
3552.978516	-89.956856
3574.511719	-93.203583
3596.044922	-93.916107
3617.578125	-92.459724
3639.111328	-91.091652
3660.644531	-90.377060
3682.177734	-90.687653
3703.710938	-91.747414
3725.244141	-92.912849
3746.777344	-94.108414
3768.310547	-96.465721
3789.843750	-98.038170
3811.376953	-98.711174
3832.910156	-98.647461
3854.443359	-96.638428
3875.976562	-94.352753
3897.509766	-92.233711
3919.042969	-91.317963
3940.576172	-91.502151
3962.109375	-91.624695
3983.642578	-90.640457
4005.175781	-89.304115
4026.708984	-87.351173
4048.242188	-85.045105
4069.775391	-83.137482
4091.308594	-82.435616
4112.841797	-82.136154
4134.375000	-81.976006
4155.908203	-81.948792
4177.441406	-82.152992
4198.974609	-82.670631
4220.507812	-82.901306
4242.041016	-82.975929
4263.574219	-83.244247
4285.107422	-83.512581
4306.640625	-83.497459
4328.173828	-83.267944
4349.707031	-83.354416
4371.240234	-83.760056
4392.773438	-84.303711
4414.306641	-85.532166
4435.839844	-87.121361
4457.373047	-87.806992
4478.906250	-88.157585
4500.439453	-88.844574
4521.972656	-90.924576
4543.505859	-93.309013
4565.039062	-95.568710
4586.572266	-98.759689
4608.105469	-101.795105
4629.638672	-100.766884
4651.171875	-94.114914
4672.705078	-89.235283
4694.238281	-85.527412
4715.771484	-82.895317
4737.304688	-81.028206
4758.837891	-79.525223
4780.371094	-78.182701
4801.904297	-77.123596
4823.437500	-76.417404
4844.970703	-76.585670
4866.503906	-76.872055
4888.037109	-77.654266
4909.570312	-77.540672
4931.103516	-76.869553
4952.636719	-76.381104
4974.169922	-75.801163
4995.703125	-74.601051
5017.236328	-73.610321
5038.769531	-73.251648
5060.302734	-73.061325
5081.835938	-73.019958
5103.369141	-73.262650
5124.902344	-74.021217
5146.435547	-74.876068
5167.968750	-76.193253
5189.501953	-78.442825
5211.035156	-81.354614
5232.568359	-83.637932
5254.101562	-86.162560
5275.634766	-89.859093
5297.167969	-95.814674
5318.701172	-98.040276
5340.234375	-90.786560
5361.767578	-85.881073
5383.300781	-82.050217
5404.833984	-79.491623
5426.367188	-77.804138
5447.900391	-76.468742
5469.433594	-76.276924
5490.966797	-76.821541
5512.500000	-77.751282
5534.033203	-79.024590
5555.566406	-80.531960
5577.099609	-82.611938
5598.632812	-81.583862
5620.166016	-78.397568
5641.699219	-75.493935
5663.232422	-72.917328
5684.765625	-70.654762
5706.298828	-69.071182
5727.832031	-67.618942
5749.365234	-66.502815
5770.898438	-65.772789
5792.431641	-65.315186
5813.964844	-65.756760
5835.498047	-66.282341
5857.031250	-67.027840
5878.564453	-67.959503
5900.097656	-69.211601
5921.630859	-70.536690
5943.164062	-71.736839
5964.697266	-73.528183
5986.230469	-75.729248
6007.763672	-78.516289
6029.296875	-82.124077
6050.830078	-86.171600
6072.363281	-87.906662
6093.896484	-84.768967
6115.429688	-81.735191
6136.962891	-79.736061
6158.496094	-78.272842
6180.029297	-77.383736
6201.562500	-77.182014
6223.095703	-77.688332
6244.628906	-79.245628
6266.162109	-80.016380
6287.695312	-80.928947
6309.228516	-81.816429
6330.761719	-82.599495
6352.294922	-83.010803
6373.828125	-83.784767
6395.361328	-84.260818
6416.894531	-84.517441
6438.427734	-84.703735
6459.960938	-85.574066
6481.494141	-87.213112
6503.027344	-88.649498
6524.560547	-89.575554
6546.093750	-90.277573
6567.626953	-91.477180
6589.160156	-93.132996
6610.693359	-94.978371
6632.226562	-95.155922
6653.759766	-93.718063
6675.292969	-92.095558
6696.826172	-90.165817
6718.359375	-89.164062
6739.892578	-88.906006
6761.425781	-88.304428
6782.958984	-87.886765
6804.492188	-86.656281
6826.025391	-85.863686
6847.558594	-85.312431
6869.091797	-84.741928
6890.625000	-85.182510
6912.158203	-85.766953
6933.691406	-86.358032
6955.224609	-86.825943
6976.757812	-87.224754
6998.291016	-87.220047
7019.824219	-87.711212
7041.357422	-88.408989
7062.890625	-89.095413
7084.423828	-89.964027
7105.957031	-90.444633
7127.490234	-90.681747
7149.023438	-90.434784
7170.556641	-89.518135
7192.089844	-87.958557
7213.623047	-87.426369
7235.156250	-87.447456
7256.689453	-87.732208
7278.222656	-87.565491
7299.755859	-87.903778
7321.289062	-88.680542
7342.822266	-88.765045
7364.355469	-88.907051
7385.888672	-88.900589
7407.421875	-88.412369
7428.955078	-87.995369
7450.488281	-88.043770
7472.021484	-88.398399
7493.554688	-88.861542
7515.087891	-89.807098
7536.621094	-90.857353
7558.154297	-91.965401
7579.687500	-92.779594
7601.220703	-93.123444
7622.753906	-91.804543
7644.287109	-90.779884
7665.820312	-89.702217
7687.353516	-89.234467
7708.886719	-88.924789
7730.419922	-89.175858
7751.953125	-89.233742
7773.486328	-89.025146
7795.019531	-89.761963
7816.552734	-89.751701
7838.085938	-89.750008
7859.619141	-90.073418
7881.152344	-90.387146
7902.685547	-90.581902
7924.218750	-90.813934
7945.751953	-91.107956
7967.285156	-91.593163
7988.818359	-92.325752
8010.351562	-92.967316
8031.884766	-93.858910
8053.417969	-94.083710
8074.951172	-94.126747
8096.484375	-94.621452
8118.017578	-95.489967
8139.550781	-96.159424
8161.083984	-97.355148
8182.617188	-97.786850
8204.150391	-98.235870
8225.683594	-98.010071
8247.216797	-97.923073
8268.750000	-98.826828
8290.283203	-99.972328
8311.816406	-102.393501
8333.349609	-105.086716
8354.882812	-107.093132
8376.416016	-108.300819
8397.949219	-103.687263
8419.482422	-100.571259
8441.015625	-98.426239
8462.548828	-96.985527
8484.082031	-96.018661
8505.615234	-95.087929
8527.148438	-93.416466
8548.681641	-93.018089
8570.214844	-92.120033
8591.748047	-91.117836
8613.281250	-90.939941
8634.814453	-90.941643
8656.347656	-91.127365
8677.880859	-91.283180
8699.414062	-92.055275
8720.947266	-92.717079
8742.480469	-93.995491
8764.013672	-94.923622
8785.546875	-95.432625
8807.080078	-96.624596
8828.613281	-97.476906
8850.146484	-97.777267
8871.679688	-98.189583
8893.212891	-98.269249
8914.746094	-98.290283
8936.279297	-98.028564
8957.812500	-97.893829
8979.345703	-97.692535
9000.878906	-96.958046
9022.412109	-96.516197
9043.945312	-95.808411
9065.478516	-95.023193
9087.011719	-94.474258
9108.544922	-93.872253
9130.078125	-92.962921
9151.611328	-92.385811
9173.144531	-91.831039
9194.677734	-91.423492
9216.210938	-91.685776
9237.744141	-91.548676
9259.277344	-91.297707
9280.810547	-90.662697
9302.343750	-90.990158
9323.876953	-90.952499
9345.410156	-90.566902
9366.943359	-90.851944
9388.476562	-90.811432
9410.009766	-91.100456
9431.542969	-91.913170
9453.076172	-92.259102
9474.609375	-92.845558
9496.142578	-93.198616
9517.675781	-93.378937
9539.208984	-93.361099
9560.742188	-93.673454
9582.275391	-94.151054
9603.808594	-93.815910
9625.341797	-94.076363
9646.875000	-94.146095
9668.408203	-94.177246
9689.941406	-94.421173
9711.474609	-94.989212
9733.007812	-95.079338
9754.541016	-94.940720
9776.074219	-94.871185
9797.607422	-94.344055
9819.140625	-94.454437
9840.673828	-94.733315
9862.207031	-95.914673
9883.740234	-97.300171
9905.273438	-98.707245
9926.806641	-100.071136
9948.339844	-101.156960
9969.873047	-103.161209
9991.406250	-103.551414
10012.939453	-102.507797
10034.472656	-101.270439
10056.005859	-99.953003
10077.539062	-99.035851
10099.072266	-98.536697
10120.605469	-97.826073
10142.138672	-96.910561
10163.671875	-96.847298
10185.205078	-97.259865
10206.738281	-96.346939
10228.271484	-95.898163
10249.804688	-95.198441
10271.337891	-94.226707
10292.871094	-93.457382
10314.404297	-92.503922
10335.937500	-92.493210
10357.470703	-92.297630
10379.003906	-92.073112
10400.537109	-91.796509
10422.070312	-91.138977
10443.603516	-90.417763
10465.136719	-89.854980
10486.669922	-89.009926
10508.203125	-88.701019
10529.736328	-88.443695
10551.269531	-87.918526
10572.802734	-87.962387
10594.335938	-87.917442
10615.869141	-88.099495
10637.402344	-88.368515
10658.935547	-89.306511
10680.468750	-90.160240
10702.001953	-90.681938
10723.535156	-90.938416
10745.068359	-91.793381
10766.601562	-93.055611
10788.134766	-93.793228
10809.667969	-94.976570
10831.201172	-95.656609
10852.734375	-95.810242
10874.267578	-96.430222
10895.800781	-96.237137
10917.333984	-96.003983
10938.867188	-95.933617
10960.400391	-95.627769
10981.933594	-94.831718
11003.466797	-92.755867
11025.000000	-90.901260
11046.533203	-89.412766
11068.066406	-88.228706
11089.599609	-86.993225
11111.132812	-86.171066
11132.666016	-84.932487
11154.199219	-84.208481
11175.732422	-83.725121
11197.265625	-83.528542
11218.798828	-82.436852
11240.332031	-81.889214
11261.865234	-82.041298
11283.398438	-81.695786
11304.931641	-81.203194
11326.464844	-81.037422
11347.998047	-80.692345
11369.531250	-80.639786
11391.064453	-80.403511
11412.597656	-80.454521
11434.130859	-80.871277
11455.664062	-80.993355
11477.197266	-81.166153
11498.730469	-81.081139
11520.263672	-81.405731
11541.796875	-81.459045
11563.330078	-81.571899
11584.863281	-82.268539
11606.396484	-82.289398
11627.929688	-82.366692
11649.462891	-82.830330
11670.996094	-83.254784
11692.529297	-83.726028
11714.062500	-84.422760
11735.595703	-85.398132
11757.128906	-86.190948
11778.662109	-87.065704
11800.195312	-88.025620
11821.728516	-88.040100
11843.261719	-87.267296
11864.794922	-86.179832
11886.328125	-85.111740
11907.861328	-83.941910
11929.394531	-83.072083
11950.927734	-82.692078
11972.460938	-82.509209
11993.994141	-82.359123
12015.527344	-82.482178
12037.060547	-82.354347
12058.593750	-82.430367
12080.126953	-83.364235
12101.660156	-83.557831
12123.193359	-83.895981
12144.726562	-84.663086
12166.259766	-85.217873
12187.792969	-86.289978
12209.326172	-87.081093
12230.859375	-87.831673
12252.392578	-88.677307
12273.925781	-89.593735
12295.458984	-90.078674
12316.992188	-89.981384
12338.525391	-89.592911
12360.058594	-89.243195
12381.591797	-88.979538
12403.125000	-88.225998
12424.658203	-87.722206
12446.191406	-87.420044
12467.724609	-87.284538
12489.257812	-87.324654
12510.791016	-87.684578
12532.324219	-88.633347
12553.857422	-88.928467
12575.390625	-88.551666
12596.923828	-88.118767
12618.457031	-87.527641
12639.990234	-86.845352
12661.523438	-86.002113
12683.056641	-85.000763
12704.589844	-84.191811
12726.123047	-83.939720
12747.656250	-83.455444
12769.189453	-83.124550
12790.722656	-82.961945
12812.255859	-82.688744
12833.789062	-82.660820
12855.322266	-82.654976
12876.855469	-82.385956
12898.388672	-82.605812
12919.921875	-83.082527
12941.455078	-83.611389
12962.988281	-83.665077
12984.521484	-84.210861
13006.054688	-84.890671
13027.587891	-85.532768
13049.121094	-85.869049
13070.654297	-86.275955
13092.187500	-86.842613
13113.720703	-87.405792
13135.253906	-87.881439
13156.787109	-88.288536
13178.320312	-88.938446
13199.853516	-89.188957
13221.386719	-89.902023
13242.919922	-90.761566
13264.453125	-91.370064
13285.986328	-92.113884
13307.519531	-93.306770
13329.052734	-94.041138
13350.585938	-94.395119
13372.119141	-94.732994
13393.652344	-94.472450
13415.185547	-93.902954
13436.718750	-93.324707
13458.251953	-92.931686
13479.785156	-92.267761
13501.318359	-91.218513
13522.851562	-90.502388
13544.384766	-90.019279
13565.917969	-88.893883
13587.451172	-87.980774
13608.984375	-87.667175
13630.517578	-87.663277
13652.050781	-87.282829
13673.583984	-87.050766
13695.117188	-86.869675
13716.650391	-86.577591
13738.183594	-86.208992
13759.716797	-86.137108
13781.250000	-86.182610
13802.783203	-85.981941
13824.316406	-85.559692
13845.849609	-85.211014
13867.382812	-85.130501
13888.916016	-84.790024
13910.449219	-85.025963
13931.982422	-85.161766
13953.515625	-84.821007
13975.048828	-84.862175
13996.582031	-84.872078
14018.115234	-84.625465
14039.648438	-84.169212
14061.181641	-84.300186
14082.714844	-84.294708
14104.248047	-84.162300
14125.781250	-84.143425
14147.314453	-83.865616
14168.847656	-83.599297
14190.380859	-83.719536
14211.914062	-83.864281
14233.447266	-83.570251
14254.980469	-83.541924
14276.513672	-84.114250
14298.046875	-85.001320
14319.580078	-85.074226
14341.113281	-85.375107
14362.646484	-85.972481
14384.179688	-85.938782
14405.712891	-86.565346
14427.246094	-87.418694
14448.779297	-87.698235
14470.312500	-87.794548
14491.845703	-88.366226
14513.378906	-88.389549
14534.912109	-88.204613
14556.445312	-87.410912
14577.978516	-87.198166
14599.511719	-87.065605
14621.044922	-86.822525
14642.578125	-86.661690
14664.111328	-86.434326
14685.644531	-85.845459
14707.177734	-84.946671
14728.710938	-84.627136
14750.244141	-84.076492
14771.777344	-83.782089
14793.310547	-83.244423
14814.843750	-82.895584
14836.376953	-82.373856
14857.910156	-81.704964
14879.443359	-81.270378
14900.976562	-81.358177
14922.509766	-81.656258
14944.042969	-81.484238
14965.576172	-81.534821
14987.109375	-81.642891
15008.642578	-81.846390
15030.175781	-82.387299
15051.708984	-82.650269
15073.242188	-83.137787
15094.775391	-83.198395
15116.308594	-83.190590
15137.841797	-83.815437
15159.375000	-84.568398
15180.908203	-84.812309
15202.441406	-85.111923
15223.974609	-85.416061
15245.507812	-85.528358
15267.041016	-86.057205
15288.574219	-86.524170
15310.107422	-86.684174
15331.640625	-87.028687
15353.173828	-87.280151
15374.707031	-87.464005
15396.240234	-87.721519
15417.773438	-88.016472
15439.306641	-88.601486
15460.839844	-89.086769
15482.373047	-89.524055
15503.906250	-89.266586
15525.439453	-89.272629
15546.972656	-88.821793
15568.505859	-88.104881
15590.039062	-87.210487
15611.572266	-86.310440
15633.105469	-85.718544
15654.638672	-85.284027
15676.171875	-84.979256
15697.705078	-84.240517
15719.238281	-83.848442
15740.771484	-83.193008
15762.304688	-82.818512
15783.837891	-82.480705
15805.371094	-82.322990
15826.904297	-81.571083
15848.437500	-80.942543
15869.970703	-80.991478
15891.503906	-80.701797
15913.037109	-80.791267
15934.570312	-80.524239
15956.103516	-80.187401
15977.636719	-80.181892
15999.169922	-80.336784
16020.703125	-80.343475
16042.236328	-80.579399
16063.769531	-80.896141
16085.302734	-81.415573
16106.835938	-81.359497
16128.369141	-81.650711
16149.902344	-82.047630
16171.435547	-82.341522
16192.968750	-82.660255
16214.501953	-83.427147
16236.035156	-84.099510
16257.568359	-84.277679
16279.101562	-84.677902
16300.634766	-85.474915
16322.167969	-86.062286
16343.701172	-86.258331
16365.234375	-86.411186
16386.767578	-86.343918
16408.300781	-87.025482
16429.833984	-87.465149
16451.367188	-87.089462
16472.900391	-87.294800
16494.433594	-87.826057
16515.966797	-88.076248
16537.500000	-88.312218
16559.033203	-88.511902
16580.566406	-89.398743
16602.099609	-89.603836
16623.632812	-89.691315
16645.166016	-90.013245
16666.699219	-90.472069
16688.232422	-90.744858
16709.765625	-90.784592
16731.298828	-91.613556
16752.832031	-91.589226
16774.365234	-91.454254
16795.898438	-91.728928
16817.431641	-92.004372
16838.964844	-92.065071
16860.498047	-91.927940
16882.031250	-91.958763
16903.564453	-92.278816
16925.097656	-92.659851
16946.630859	-92.337646
16968.164062	-92.368263
16989.697266	-92.541069
17011.230469	-92.704887
17032.763672	-92.633209
17054.296875	-92.991180
17075.830078	-93.272491
17097.363281	-93.053207
17118.896484	-93.117363
17140.429688	-93.208572
17161.962891	-93.456253
17183.496094	-93.465126
17205.029297	-93.516541
17226.562500	-93.616524
17248.095703	-94.212921
17269.628906	-94.222321
17291.162109	-94.020638
17312.695312	-93.916534
17334.228516	-94.557976
17355.761719	-94.576859
17377.294922	-94.687141
17398.828125	-94.696587
17420.361328	-94.807831
17441.894531	-94.514664
17463.427734	-94.578926
17484.960938	-94.265076
17506.494141	-94.262558
17528.027344	-94.546265
17549.560547	-93.986214
17571.093750	-93.483665
17592.626953	-93.492661
17614.160156	-93.790909
17635.693359	-93.465141
17657.226562	-93.207474
17678.759766	-93.349113
17700.292969	-93.576889
17721.826172	-93.776855
17743.359375	-93.677910
17764.892578	-94.322227
17786.425781	-94.271057
17807.958984	-94.457222
17829.492188	-94.912590
17851.025391	-95.171867
17872.558594	-95.229767
17894.091797	-95.476028
17915.625000	-95.831215
17937.158203	-95.800217
17958.691406	-95.530151
17980.224609	-92.451454
18001.757812	-94.240700
18023.291016	-97.938179
18044.824219	-98.035393
18066.357422	-98.737434
18087.890625	-98.995537
18109.423828	-99.402496
18130.957031	-99.064217
18152.490234	-98.895927
18174.023438	-99.290375
18195.556641	-99.008018
18217.089844	-99.445839
18238.623047	-98.576050
18260.156250	-98.464302
18281.689453	-99.072365
18303.222656	-99.261055
18324.755859	-98.899612
18346.289062	-98.255798
18367.822266	-97.973373
18389.355469	-98.096954
18410.888672	-98.447578
18432.421875	-97.508095
18453.955078	-97.306969
18475.488281	-97.855171
18497.021484	-98.389427
18518.554688	-98.852875
18540.087891	-98.497467
18561.621094	-98.302460
18583.154297	-98.040985
18604.687500	-98.086906
18626.220703	-97.981949
18647.753906	-97.752197
18669.287109	-98.557762
18690.820312	-98.554543
18712.353516	-98.676270
18733.886719	-98.479355
18755.419922	-98.413986
18776.953125	-98.829788
18798.486328	-98.745232
18820.019531	-99.161812
18841.552734	-98.556549
18863.085938	-98.737785
18884.619141	-98.640656
18906.152344	-98.636284
18927.685547	-98.275673
18949.218750	-98.035439
18970.751953	-98.546745
18992.285156	-98.640709
19013.818359	-98.855392
19035.351562	-98.361618
19056.884766	-98.155243
19078.417969	-98.400208
19099.951172	-98.004417
19121.484375	-98.045822
19143.017578	-97.522598
19164.550781	-97.802116
19186.083984	-98.076576
19207.617188	-98.189209
19229.150391	-97.741943
19250.683594	-97.242371
19272.216797	-97.711281
19293.750000	-97.966400
19315.283203	-98.282394
19336.816406	-97.762718
19358.349609	-97.608078
19379.882812	-97.761192
19401.416016	-97.658134
19422.949219	-97.661713
19444.482422	-97.052536
19466.015625	-97.363991
19487.548828	-97.911896
19509.082031	-97.895340
19530.615234	-97.129402
19552.148438	-96.794655
19573.681641	-97.465004
19595.214844	-97.818085
19616.748047	-97.992622
19638.281250	-97.730263
19659.814453	-97.730286
19681.347656	-97.727303
19702.880859	-97.785141
19724.414062	-97.370331
19745.947266	-97.223038
19767.480469	-97.976578
19789.013672	-98.089592
19810.546875	-97.690239
19832.080078	-97.353317
19853.613281	-97.422203
19875.146484	-97.676384
19896.679688	-97.699409
19918.212891	-97.351860
19939.746094	-96.199249
19961.279297	-96.990982
19982.812500	-97.433350
20004.345703	-97.398674
20025.878906	-97.380615
20047.412109	-96.957047
20068.945312	-97.191940
20090.478516	-97.183517
20112.011719	-97.514076
20133.544922	-97.159325
20155.078125	-97.265968
20176.611328	-97.569748
20198.144531	-97.614975
20219.677734	-97.571884
20241.210938	-97.333618
20262.744141	-97.909645
20284.277344	-98.102882
20305.810547	-97.834633
20327.343750	-97.664841
20348.876953	-97.665962
20370.410156	-97.834412
20391.943359	-97.951073
20413.476562	-98.066162
20435.009766	-97.290947
20456.542969	-97.423912
20478.076172	-97.965202
20499.609375	-98.117706
20521.142578	-98.115509
20542.675781	-98.205101
20564.208984	-98.549500
20585.742188	-98.353760
20607.275391	-98.288956
20628.808594	-97.748535
20650.341797	-98.052971
20671.875000	-98.421913
20693.408203	-98.704071
20714.941406	-99.135063
20736.474609	-98.823669
20758.007812	-98.910812
20779.541016	-98.902748
20801.074219	-98.989418
20822.607422	-99.262123
20844.140625	-99.317612
20865.673828	-99.356575
20887.207031	-99.658829
20908.740234	-99.837166
20930.273438	-99.937828
20951.806641	-100.164032
20973.339844	-100.492584
20994.873047	-100.726151
21016.406250	-100.764053
21037.939453	-100.524162
21059.472656	-100.855858
21081.005859	-101.107895
21102.539062	-101.201996
21124.072266	-101.334869
21145.605469	-101.700020
21167.138672	-102.287674
21188.671875	-101.982475
21210.205078	-102.117447
21231.738281	-102.392151
21253.271484	-102.607773
21274.804688	-102.015221
21296.337891	-101.976166
21317.871094	-102.154427
21339.404297	-102.240570
21360.937500	-102.202698
21382.470703	-102.310669
21404.003906	-102.231903
21425.537109	-102.334488
21447.070312	-102.593658
21468.603516	-102.571396
21490.136719	-102.166473
21511.669922	-102.502037
21533.203125	-102.506210
21554.736328	-102.423073
21576.269531	-102.204857
21597.802734	-102.256935
21619.335938	-102.339394
21640.869141	-102.291855
21662.402344	-102.221054
21683.935547	-102.130409
21705.468750	-101.861252
21727.001953	-102.113182
21748.535156	-102.402802
21770.068359	-102.458740
21791.601562	-102.072334
21813.134766	-102.516937
21834.667969	-102.163361
21856.201172	-102.117538
21877.734375	-102.324348
21899.267578	-102.454323
21920.800781	-102.348808
21942.333984	-102.570267
21963.867188	-102.251144
21985.400391	-102.224327
22006.933594	-102.154945
22028.466797	-102.389946
