Frequency (Hz)	Level (dB)
21.533203	-55.479740
43.066406	-44.814499
64.599609	-46.887939
86.132812	-63.245232
107.666016	-65.538666
129.199219	-74.743187
150.732422	-75.449333
172.265625	-80.684097
193.798828	-76.698555
215.332031	-79.146095
236.865234	-83.601021
258.398438	-82.382248
279.931641	-77.275398
301.464844	-72.269989
322.998047	-75.629463
344.531250	-68.717995
366.064453	-71.516891
387.597656	-79.472504
409.130859	-79.289635
430.664062	-77.221901
452.197266	-73.025970
473.730469	-79.980179
495.263672	-83.830803
516.796875	-85.567223
538.330078	-81.437393
559.863281	-80.447662
581.396484	-85.315773
602.929688	-85.232910
624.462891	-78.913925
645.996094	-70.770172
667.529297	-74.504089
689.062500	-89.924568
710.595703	-90.550621
732.128906	-81.442459
753.662109	-77.660561
775.195312	-85.197769
796.728516	-84.893127
818.261719	-88.548912
839.794922	-88.472069
861.328125	-88.840820
882.861328	-94.429848
904.394531	-92.573479
925.927734	-81.479454
947.460938	-74.068787
968.994141	-78.618584
990.527344	-88.727959
1012.060547	-89.793816
1033.593750	-94.311638
1055.126953	-92.034027
1076.660156	-98.340385
1098.193359	-96.791451
1119.726562	-95.882828
1141.259766	-86.282509
1162.792969	-87.431961
1184.326172	-97.836029
1205.859375	-97.692680
1227.392578	-90.127472
1248.925781	-83.772636
1270.458984	-88.388596
1291.992188	-93.482986
1313.525391	-94.804001
1335.058594	-91.820854
1356.591797	-89.959892
1378.125000	-95.177391
1399.658203	-95.059677
1421.191406	-97.724579
1442.724609	-92.579880
1464.257812	-94.404793
1485.791016	-94.883255
1507.324219	-93.110916
1528.857422	-93.270706
1550.390625	-89.163544
1571.923828	-94.633720
1593.457031	-96.538048
1614.990234	-97.658165
1636.523438	-93.497421
1658.056641	-92.295403
1679.589844	-96.044441
1701.123047	-93.406433
1722.656250	-94.158401
1744.189453	-88.495529
1765.722656	-90.759773
1787.255859	-95.121788
1808.789062	-95.258110
1830.322266	-97.148491
1851.855469	-95.666313
1873.388672	-95.838791
1894.921875	-95.095695
1916.455078	-95.572960
1937.988281	-93.924812
1959.521484	-93.314400
1981.054688	-94.220772
2002.587891	-93.338127
2024.121094	-92.086311
2045.654297	-88.604256
2067.187500	-88.996941
2088.720703	-90.499382
2110.253906	-92.163742
2131.787109	-94.012550
2153.320312	-95.295219
2174.853516	-94.233139
2196.386719	-88.106979
2217.919922	-83.200531
2239.453125	-81.426468
2260.986328	-81.359367
2282.519531	-82.515854
2304.052734	-84.684883
2325.585938	-87.307899
2347.119141	-89.549805
2368.652344	-92.469742
2390.185547	-94.609734
2411.718750	-95.754410
2433.251953	-96.699608
2454.785156	-96.314095
2476.318359	-97.011955
2497.851562	-96.423233
2519.384766	-97.259560
2540.917969	-97.598099
2562.451172	-97.580910
2583.984375	-97.631004
2605.517578	-97.826187
2627.050781	-98.256752
2648.583984	-97.191895
2670.117188	-97.119148
2691.650391	-97.426895
2713.183594	-98.477783
2734.716797	-100.732101
2756.250000	-101.482742
2777.783203	-101.254288
2799.316406	-99.081947
2820.849609	-99.139542
2842.382812	-99.223434
2863.916016	-99.900139
2885.449219	-99.221649
2906.982422	-98.244141
2928.515625	-99.769974
2950.048828	-100.874931
2971.582031	-101.632568
2993.115234	-102.252815
3014.648438	-103.805130
3036.181641	-99.656281
3057.714844	-96.662277
3079.248047	-96.090736
3100.781250	-95.008812
3122.314453	-95.164886
3143.847656	-94.357780
3165.380859	-92.873856
3186.914062	-91.383690
3208.447266	-90.964951
3229.980469	-91.541275
3251.513672	-92.560333
3273.046875	-93.206070
3294.580078	-91.536407
3316.113281	-89.686195
3337.646484	-88.184242
3359.179688	-87.694016
3380.712891	-87.687218
3402.246094	-88.256508
3423.779297	-88.872787
3445.312500	-87.760262
3466.845703	-87.737213
3488.378906	-89.283218
3509.912109	-91.485664
3531.445312	-94.334244
3552.978516	-96.541359
3574.511719	-98.931450
3596.044922	-99.207817
3617.578125	-98.404861
3639.111328	-96.915131
3660.644531	-95.979897
3682.177734	-95.484795
3703.710938	-95.382103
3725.244141	-94.926346
3746.777344	-94.185951
3768.310547	-95.271721
3789.843750	-95.882065
3811.376953	-95.765251
3832.910156	-95.561241
3854.443359	-95.696823
3875.976562	-96.487312
3897.509766	-96.706497
3919.042969	-97.543449
3940.576172	-97.546478
3962.109375	-96.547211
3983.642578	-95.481102
4005.175781	-94.648796
4026.708984	-93.819908
4048.242188	-92.670067
4069.775391	-92.074371
4091.308594	-92.457657
4112.841797	-93.572670
4134.375000	-94.360970
4155.908203	-95.164665
4177.441406	-96.831131
4198.974609	-98.747421
4220.507812	-100.134422
4242.041016	-97.305229
4263.574219	-94.468513
4285.107422	-92.384125
4306.640625	-91.380363
4328.173828	-91.626106
4349.707031	-92.562714
4371.240234	-94.980789
4392.773438	-97.691193
4414.306641	-101.000778
4435.839844	-102.702141
4457.373047	-101.885345
4478.906250	-99.621460
4500.439453	-97.829285
4521.972656	-96.947937
4543.505859	-95.663002
4565.039062	-95.609840
4586.572266	-96.577942
4608.105469	-97.321495
4629.638672	-97.850945
4651.171875	-98.475502
4672.705078	-98.443848
4694.238281	-97.478188
4715.771484	-96.645271
4737.304688	-95.285606
4758.837891	-94.340691
4780.371094	-93.590874
4801.904297	-93.106155
4823.437500	-92.964569
4844.970703	-92.609398
4866.503906	-92.266342
4888.037109	-91.917206
4909.570312	-91.682304
4931.103516	-91.211052
4952.636719	-91.136032
4974.169922	-91.178955
4995.703125	-90.587395
5017.236328	-89.800751
5038.769531	-89.606644
5060.302734	-89.556709
5081.835938	-89.599365
5103.369141	-89.350296
5124.902344	-88.720016
5146.435547	-87.364380
5167.968750	-86.712212
5189.501953	-86.162300
5211.035156	-85.836266
5232.568359	-84.953178
5254.101562	-84.194717
5275.634766	-84.077171
5297.167969	-83.760124
5318.701172	-83.090645
5340.234375	-81.849030
5361.767578	-81.044991
5383.300781	-80.461395
5404.833984	-79.704323
5426.367188	-79.227516
5447.900391	-78.620819
5469.433594	-78.756706
5490.966797	-79.484085
5512.500000	-80.484543
5534.033203	-80.966888
5555.566406	-81.369171
5577.099609	-82.108849
5598.632812	-82.686447
5620.166016	-82.178879
5641.699219	-82.144234
5663.232422	-82.311989
5684.765625	-81.945831
5706.298828	-81.256119
5727.832031	-80.853615
5749.365234	-79.924515
5770.898438	-78.959267
5792.431641	-78.105553
5813.964844	-78.179993
5835.498047	-78.339981
5857.031250	-78.817093
5878.564453	-79.216125
5900.097656	-79.941040
5921.630859	-80.130562
5943.164062	-80.566124
5964.697266	-81.800369
5986.230469	-82.799980
6007.763672	-84.360664
6029.296875	-86.942703
6050.830078	-90.374687
6072.363281	-94.861717
6093.896484	-97.554527
6115.429688	-97.577232
6136.962891	-97.327324
6158.496094	-97.219734
6180.029297	-95.445831
6201.562500	-91.608986
6223.095703	-88.070236
6244.628906	-84.919418
6266.162109	-81.893677
6287.695312	-80.351120
6309.228516	-79.042694
6330.761719	-78.502342
6352.294922	-77.989517
6373.828125	-78.254990
6395.361328	-78.901993
6416.894531	-79.598839
6438.427734	-80.755928
6459.960938	-82.597382
6481.494141	-85.352776
6503.027344	-84.472870
6524.560547	-81.458626
6546.093750	-79.007141
6567.626953	-76.699142
6589.160156	-75.121216
6610.693359	-74.107346
6632.226562	-73.747047
6653.759766	-74.215652
6675.292969	-74.814217
6696.826172	-74.174232
6718.359375	-73.028206
6739.892578	-72.792549
6761.425781	-72.334679
6782.958984	-72.932953
6804.492188	-74.432945
6826.025391	-76.199295
6847.558594	-78.259338
6869.091797	-79.713951
6890.625000	-80.303986
6912.158203	-79.999283
6933.691406	-79.312294
6955.224609	-78.735222
6976.757812	-78.716721
6998.291016	-78.593651
7019.824219	-78.607109
7041.357422	-78.424255
7062.890625	-78.114029
7084.423828	-77.309410
7105.957031	-76.391708
7127.490234	-76.278931
7149.023438	-76.458168
7170.556641	-76.238701
7192.089844	-75.796783
7213.623047	-76.214561
7235.156250	-77.237289
7256.689453	-78.366051
7278.222656	-79.641632
7299.755859	-80.535515
7321.289062	-81.946625
7342.822266	-83.449722
7364.355469	-85.218575
7385.888672	-86.018311
7407.421875	-86.867081
7428.955078	-87.515472
7450.488281	-87.600044
7472.021484	-87.838593
7493.554688	-87.941040
7515.087891	-87.660904
7536.621094	-87.660187
7558.154297	-87.428261
7579.687500	-87.453331
7601.220703	-87.839752
7622.753906	-87.487045
7644.287109	-87.229805
7665.820312	-87.159370
7687.353516	-87.618492
7708.886719	-87.922791
7730.419922	-88.655762
7751.953125	-89.090294
7773.486328	-89.375931
7795.019531	-90.027924
7816.552734	-90.627991
7838.085938	-90.474541
7859.619141	-91.101311
7881.152344	-91.143860
7902.685547	-91.465332
7924.218750	-91.654480
7945.751953	-91.366730
7967.285156	-91.814270
7988.818359	-92.260391
8010.351562	-92.755196
8031.884766	-93.372917
8053.417969	-93.852425
8074.951172	-94.238457
8096.484375	-94.937401
8118.017578	-95.923111
8139.550781	-97.021507
8161.083984	-98.622482
8182.617188	-100.160652
8204.150391	-102.379974
8225.683594	-104.996979
8247.216797	-106.317276
8268.750000	-105.123497
8290.283203	-102.534714
8311.816406	-100.594505
8333.349609	-98.655632
8354.882812	-96.773506
8376.416016	-96.005806
8397.949219	-94.789223
8419.482422	-93.982941
8441.015625	-93.769768
8462.548828	-93.619232
8484.082031	-93.517807
8505.615234	-93.419693
8527.148438	-92.950546
8548.681641	-93.550201
8570.214844	-93.250542
8591.748047	-92.533157
8613.281250	-92.339249
8634.814453	-92.227478
8656.347656	-91.838516
8677.880859	-91.584564
8699.414062	-91.919632
8720.947266	-92.220261
8742.480469	-93.164200
8764.013672	-93.751701
8785.546875	-93.991409
8807.080078	-95.245354
8828.613281	-95.632721
8850.146484	-95.635742
8871.679688	-95.996452
8893.212891	-95.628548
8914.746094	-95.312881
8936.279297	-95.259346
8957.812500	-95.359436
8979.345703	-95.559059
9000.878906	-95.445061
9022.412109	-95.884354
9043.945312	-95.847565
9065.478516	-96.068466
9087.011719	-96.693100
9108.544922	-97.246033
9130.078125	-97.360031
9151.611328	-97.269012
9173.144531	-97.377060
9194.677734	-96.927002
9216.210938	-96.933289
9237.744141	-96.521606
9259.277344	-96.194771
9280.810547	-95.618744
9302.343750	-95.455605
9323.876953	-95.628036
9345.410156	-95.358681
9366.943359	-96.052208
9388.476562	-96.826447
9410.009766	-97.444893
9431.542969	-98.675461
9453.076172	-99.674255
9474.609375	-101.231773
9496.142578	-102.992203
9517.675781	-104.551315
9539.208984	-106.033936
9560.742188	-107.048050
9582.275391	-107.568436
9603.808594	-106.907974
9625.341797	-106.620247
9646.875000	-103.718651
9668.408203	-104.375732
9689.941406	-104.536522
9711.474609	-104.142921
9733.007812	-103.248306
9754.541016	-102.801315
9776.074219	-102.444572
9797.607422	-101.586403
9819.140625	-101.143753
9840.673828	-100.576157
9862.207031	-100.651726
9883.740234	-100.861343
9905.273438	-101.032898
9926.806641	-100.521851
9948.339844	-100.054688
9969.873047	-100.568062
9991.406250	-100.798035
10012.939453	-100.596535
10034.472656	-100.748215
10056.005859	-100.596397
10077.539062	-101.042274
10099.072266	-101.099754
10120.605469	-100.641182
10142.138672	-99.827858
10163.671875	-99.543617
10185.205078	-98.770378
10206.738281	-97.480331
10228.271484	-96.852760
10249.804688	-95.545021
10271.337891	-94.523605
10292.871094	-93.371330
10314.404297	-92.216827
10335.937500	-91.566383
10357.470703	-90.935371
10379.003906	-90.515511
10400.537109	-89.959763
10422.070312	-89.188873
10443.603516	-88.657295
10465.136719	-88.515045
10486.669922	-88.006645
10508.203125	-87.797485
10529.736328	-87.765625
10551.269531	-87.411674
10572.802734	-86.886902
10594.335938	-86.657745
10615.869141	-86.114555
10637.402344	-85.894470
10658.935547	-86.042557
10680.468750	-86.078400
10702.001953	-85.732521
10723.535156	-85.332657
10745.068359	-85.326591
10766.601562	-85.402130
10788.134766	-84.841110
10809.667969	-84.807068
10831.201172	-84.607498
10852.734375	-83.780502
10874.267578	-83.707298
10895.800781	-83.578079
10917.333984	-83.553528
10938.867188	-83.795830
10960.400391	-84.330322
10981.933594	-84.996605
11003.466797	-84.922058
11025.000000	-85.100494
11046.533203	-85.491547
11068.066406	-86.197777
11089.599609	-86.859650
11111.132812	-87.587227
11132.666016	-87.956604
11154.199219	-88.268044
11175.732422	-88.691055
11197.265625	-89.283447
11218.798828	-88.643517
11240.332031	-88.273865
11261.865234	-88.242470
11283.398438	-87.901321
11304.931641	-87.430229
11326.464844	-87.401024
11347.998047	-87.041237
11369.531250	-86.758125
11391.064453	-86.362640
11412.597656	-86.551933
11434.130859	-86.650269
11455.664062	-86.719368
11477.197266	-86.770920
11498.730469	-86.810257
11520.263672	-86.913910
11541.796875	-86.507385
11563.330078	-86.488884
11584.863281	-86.887115
11606.396484	-86.477737
11627.929688	-86.218933
11649.462891	-85.813148
11670.996094	-85.671616
11692.529297	-85.266136
11714.062500	-85.328659
11735.595703	-85.299522
11757.128906	-85.084343
11778.662109	-85.306557
11800.195312	-85.063683
11821.728516	-84.723038
11843.261719	-84.278404
11864.794922	-84.161842
11886.328125	-84.060730
11907.861328	-83.650703
11929.394531	-83.598839
11950.927734	-83.828400
11972.460938	-84.002632
11993.994141	-83.658981
12015.527344	-83.534401
12037.060547	-83.274719
12058.593750	-83.242332
12080.126953	-83.594978
12101.660156	-83.380920
12123.193359	-83.165451
12144.726562	-83.695290
12166.259766	-83.473885
12187.792969	-83.379868
12209.326172	-83.547523
12230.859375	-83.536659
12252.392578	-83.742279
12273.925781	-83.991135
12295.458984	-83.906830
12316.992188	-84.185226
12338.525391	-84.071312
12360.058594	-84.082458
12381.591797	-84.131287
12403.125000	-84.008759
12424.658203	-83.519966
12446.191406	-83.491859
12467.724609	-83.527740
12489.257812	-83.102844
12510.791016	-83.438469
12532.324219	-84.270935
12553.857422	-84.702080
12575.390625	-84.912247
12596.923828	-85.511414
12618.457031	-86.360565
12639.990234	-87.038712
12661.523438	-87.960419
12683.056641	-88.563805
12704.589844	-89.661850
12726.123047	-90.992241
12747.656250	-91.962791
12769.189453	-92.817657
12790.722656	-93.728592
12812.255859	-94.446167
12833.789062	-95.005920
12855.322266	-95.815392
12876.855469	-96.494080
12898.388672	-97.190392
12919.921875	-98.364090
12941.455078	-100.036469
12962.988281	-102.777855
12984.521484	-106.263199
13006.054688	-106.410950
13027.587891	-102.246407
13049.121094	-98.238258
13070.654297	-95.949608
13092.187500	-93.988274
13113.720703	-92.437302
13135.253906	-91.202385
13156.787109	-90.220329
13178.320312	-89.381836
13199.853516	-88.479538
13221.386719	-88.019356
13242.919922	-87.653206
13264.453125	-87.323830
13285.986328	-87.285538
13307.519531	-87.246429
13329.052734	-87.408997
13350.585938	-87.255707
13372.119141	-87.328949
13393.652344	-87.317169
13415.185547	-87.194176
13436.718750	-86.887527
13458.251953	-87.008698
13479.785156	-87.144852
13501.318359	-86.610199
13522.851562	-86.508598
13544.384766	-86.828194
13565.917969	-86.481255
13587.451172	-85.853935
13608.984375	-85.449844
13630.517578	-85.480499
13652.050781	-85.112900
13673.583984	-84.757423
13695.117188	-84.583656
13716.650391	-84.113342
13738.183594	-83.766884
13759.716797	-83.622101
13781.250000	-83.431778
13802.783203	-83.552765
13824.316406	-83.249458
13845.849609	-83.152023
13867.382812	-83.460884
13888.916016	-83.125793
13910.449219	-83.325401
13931.982422	-83.449081
13953.515625	-83.277794
13975.048828	-83.355202
13996.582031	-83.322830
14018.115234	-83.096146
14039.648438	-83.003082
14061.181641	-83.168587
14082.714844	-83.200684
14104.248047	-82.999428
14125.781250	-82.917496
14147.314453	-82.640724
14168.847656	-82.735710
14190.380859	-82.646599
14211.914062	-82.695961
14233.447266	-82.345261
14254.980469	-82.339439
14276.513672	-82.864616
14298.046875	-83.333351
14319.580078	-83.476860
14341.113281	-83.544914
14362.646484	-83.436737
14384.179688	-83.222595
14405.712891	-83.356972
14427.246094	-83.583855
14448.779297	-83.203064
14470.312500	-82.772751
14491.845703	-82.820961
14513.378906	-83.020645
14534.912109	-82.707344
14556.445312	-81.858589
14577.978516	-82.020073
14599.511719	-82.479057
14621.044922	-82.688446
14642.578125	-82.897545
14664.111328	-83.293762
14685.644531	-83.616264
14707.177734	-83.626808
14728.710938	-84.214294
14750.244141	-84.575867
14771.777344	-85.041016
14793.310547	-85.956589
14814.843750	-86.579788
14836.376953	-87.403732
14857.910156	-87.833450
14879.443359	-88.895592
14900.976562	-90.279938
14922.509766	-91.870209
14944.042969	-93.193825
14965.576172	-94.867859
14987.109375	-95.808716
15008.642578	-96.669006
15030.175781	-96.659813
15051.708984	-95.587189
15073.242188	-95.145164
15094.775391	-94.152336
15116.308594	-93.694374
15137.841797	-93.491196
15159.375000	-93.822662
15180.908203	-94.108528
15202.441406	-94.740425
15223.974609	-95.743095
15245.507812	-96.852921
15267.041016	-98.798973
15288.574219	-101.138573
15310.107422	-103.213707
15331.640625	-102.284332
15353.173828	-99.741699
15374.707031	-98.544022
15396.240234	-96.383293
15417.773438	-94.550529
15439.306641	-92.954498
15460.839844	-91.398979
15482.373047	-90.420494
15503.906250	-89.134666
15525.439453	-88.112152
15546.972656	-87.150185
15568.505859	-86.929443
15590.039062	-86.251396
15611.572266	-85.749016
15633.105469	-85.892799
15654.638672	-86.170616
15676.171875	-86.391663
15697.705078	-86.612488
15719.238281	-87.497452
15740.771484	-87.814926
15762.304688	-88.920174
15783.837891	-90.469124
15805.371094	-91.770630
15826.904297	-93.514091
15848.437500	-94.810005
15869.970703	-97.589027
15891.503906	-100.732887
15913.037109	-102.206177
15934.570312	-100.825264
15956.103516	-98.470322
15977.636719	-96.427246
15999.169922	-94.497269
16020.703125	-93.243240
16042.236328	-92.200882
16063.769531	-91.257553
16085.302734	-91.132523
16106.835938	-90.853111
16128.369141	-90.278572
16149.902344	-89.980553
16171.435547	-89.649811
16192.968750	-89.250725
16214.501953	-89.236610
16236.035156	-88.918716
16257.568359	-88.336273
16279.101562	-87.850113
16300.634766	-87.683510
16322.167969	-87.682220
16343.701172	-87.421768
16365.234375	-86.904915
16386.767578	-86.388618
16408.300781	-86.375610
16429.833984	-86.517639
16451.367188	-86.173477
16472.900391	-86.054192
16494.433594	-86.354118
16515.966797	-86.509972
16537.500000	-86.345543
16559.033203	-86.527115
16580.566406	-87.226173
16602.099609	-87.436646
16623.632812	-87.842621
16645.166016	-87.924950
16666.699219	-88.613739
16688.232422	-88.920860
16709.765625	-89.286179
16731.298828	-90.212769
16752.832031	-90.523277
16774.365234	-91.203514
16795.898438	-92.342072
16817.431641	-93.184906
16838.964844	-94.009819
16860.498047	-95.376747
16882.031250	-96.968422
16903.564453	-98.699081
16925.097656	-100.455879
16946.630859	-100.318321
16968.164062	-101.272217
16989.697266	-101.739822
17011.230469	-101.589371
17032.763672	-100.664772
17054.296875	-100.238670
17075.830078	-100.718697
17097.363281	-100.263824
17118.896484	-100.409294
17140.429688	-99.149719
17161.962891	-99.424614
17183.496094	-100.262421
17205.029297	-100.250763
17226.562500	-100.135277
17248.095703	-99.445236
17269.628906	-100.001671
17291.162109	-99.672523
17312.695312	-99.372688
17334.228516	-98.562630
17355.761719	-97.868843
17377.294922	-98.434746
17398.828125	-98.090996
17420.361328	-97.750023
17441.894531	-96.673813
17463.427734	-96.855080
17484.960938	-96.926498
17506.494141	-97.185753
17528.027344	-97.028770
17549.560547	-96.237572
17571.093750	-96.420166
17592.626953	-97.263412
17614.160156	-97.302124
17635.693359	-96.994476
17657.226562	-97.140549
17678.759766	-97.809341
17700.292969	-97.813766
17721.826172	-97.850319
17743.359375	-97.313461
17764.892578	-97.735062
17786.425781	-97.674149
17807.958984	-97.920189
17829.492188	-97.455017
17851.025391	-96.726158
17872.558594	-97.581879
17894.091797	-97.621399
17915.625000	-97.617363
17937.158203	-96.451157
17958.691406	-95.723808
17980.224609	-91.387199
18001.757812	-93.372810
18023.291016	-97.669838
18044.824219	-97.107964
18066.357422	-97.725449
18087.890625	-97.721367
18109.423828	-98.198631
18130.957031	-97.588860
18152.490234	-96.977127
18174.023438	-98.063683
18195.556641	-98.136757
18217.089844	-98.313934
18238.623047	-96.864441
18260.156250	-97.386574
18281.689453	-98.107491
18303.222656	-98.019783
18324.755859	-98.004242
18346.289062	-96.695045
18367.822266	-97.322166
18389.355469	-97.064819
18410.888672	-97.393379
18432.421875	-96.638138
18453.955078	-95.744629
18475.488281	-96.795998
18497.021484	-96.632919
18518.554688	-96.630699
18540.087891	-96.346542
18561.621094	-96.274971
18583.154297	-96.219337
18604.687500	-96.314140
18626.220703	-96.219887
18647.753906	-95.497002
18669.287109	-96.357430
18690.820312	-96.240936
18712.353516	-96.378586
18733.886719	-95.865120
18755.419922	-95.818336
18776.953125	-96.400787
18798.486328	-96.495056
18820.019531	-96.559311
18841.552734	-95.575439
18863.085938	-96.134254
18884.619141	-96.458633
18906.152344	-96.404068
18927.685547	-96.575844
18949.218750	-95.642502
18970.751953	-96.402748
18992.285156	-96.423668
19013.818359	-96.762787
19035.351562	-96.023323
19056.884766	-95.828743
19078.417969	-96.924454
19099.951172	-97.120781
19121.484375	-97.266754
19143.017578	-95.655838
19164.550781	-96.458015
19186.083984	-97.047325
19207.617188	-97.045601
19229.150391	-96.811035
19250.683594	-96.293823
19272.216797	-97.203529
19293.750000	-97.009659
19315.283203	-97.050720
19336.816406	-96.297501
19358.349609	-96.650063
19379.882812	-97.272736
19401.416016	-97.001038
19422.949219	-97.075569
19444.482422	-96.262741
19466.015625	-96.975143
19487.548828	-97.188675
19509.082031	-97.314651
19530.615234	-96.735588
19552.148438	-96.225800
19573.681641	-97.200455
19595.214844	-97.004501
19616.748047	-97.139198
19638.281250	-96.423874
19659.814453	-96.813164
19681.347656	-97.186050
19702.880859	-96.741020
19724.414062	-96.927498
19745.947266	-96.085220
19767.480469	-96.803825
19789.013672	-97.224083
19810.546875	-97.292496
19832.080078	-96.993118
19853.613281	-96.641495
19875.146484	-97.033279
19896.679688	-97.120476
19918.212891	-97.350853
19939.746094	-96.817383
19961.279297	-96.851883
19982.812500	-97.293671
20004.345703	-97.131332
20025.878906	-97.047142
20047.412109	-96.669472
20068.945312	-97.467888
20090.478516	-97.809601
20112.011719	-97.464142
20133.544922	-97.088058
20155.078125	-97.267357
20176.611328	-97.803566
20198.144531	-97.722839
20219.677734	-98.007233
20241.210938	-97.380013
20262.744141	-97.515030
20284.277344	-97.654228
20305.810547	-97.622482
20327.343750	-98.289253
20348.876953	-97.764969
20370.410156	-97.970848
20391.943359	-98.339073
20413.476562	-98.335533
20435.009766	-97.626221
20456.542969	-97.596817
20478.076172	-98.400703
20499.609375	-98.537865
20521.142578	-98.797661
20542.675781	-98.473724
20564.208984	-98.609062
20585.742188	-98.355118
20607.275391	-97.961433
20628.808594	-97.899185
20650.341797	-97.972847
20671.875000	-98.802544
20693.408203	-98.995598
20714.941406	-98.958839
20736.474609	-98.934273
20758.007812	-99.011406
20779.541016	-99.138428
20801.074219	-99.333687
20822.607422	-99.680679
20844.140625	-99.544556
20865.673828	-100.026344
20887.207031	-99.926651
20908.740234	-99.921211
20930.273438	-100.073662
20951.806641	-100.386734
20973.339844	-100.446236
20994.873047	-100.560394
21016.406250	-100.926521
21037.939453	-100.813278
21059.472656	-100.814827
21081.005859	-101.049408
21102.539062	-101.129951
21124.072266	-101.534081
21145.605469	-101.543121
21167.138672	-101.837730
21188.671875	-101.811409
21210.205078	-101.891602
21231.738281	-101.815918
21253.271484	-102.186951
21274.804688	-102.005829
21296.337891	-102.232826
21317.871094	-102.506943
21339.404297	-102.529335
21360.937500	-102.187180
21382.470703	-102.157654
21404.003906	-102.123932
21425.537109	-101.888397
21447.070312	-102.165283
21468.603516	-102.440392
21490.136719	-102.097366
21511.669922	-102.047729
21533.203125	-102.408020
21554.736328	-102.510452
21576.269531	-102.330147
21597.802734	-102.398247
21619.335938	-102.144043
21640.869141	-101.849091
21662.402344	-101.944695
21683.935547	-102.233528
21705.468750	-102.296677
21727.001953	-102.564384
21748.535156	-102.677635
21770.068359	-102.487534
21791.601562	-102.430870
21813.134766	-102.158028
21834.667969	-102.197220
21856.201172	-102.155251
21877.734375	-102.093147
21899.267578	-102.072479
21920.800781	-102.469452
21942.333984	-102.472443
21963.867188	-102.318207
21985.400391	-102.364731
22006.933594	-102.563728
22028.466797	-102.291374
