Frequency (Hz)	Level (dB)
21.533203	-57.389828
43.066406	-46.744301
64.599609	-48.788471
86.132812	-63.738487
107.666016	-64.718147
129.199219	-74.145981
150.732422	-75.265717
172.265625	-80.264977
193.798828	-76.227768
215.332031	-78.519196
236.865234	-83.415146
258.398438	-82.453552
279.931641	-76.183975
301.464844	-71.001396
322.998047	-75.550697
344.531250	-69.953491
366.064453	-72.398918
387.597656	-77.716164
409.130859	-77.964165
430.664062	-79.025108
452.197266	-74.671677
473.730469	-80.668297
495.263672	-81.545578
516.796875	-81.526695
538.330078	-78.434608
559.863281	-76.920334
581.396484	-79.550011
602.929688	-82.910194
624.462891	-82.055206
645.996094	-74.858009
667.529297	-78.210487
689.062500	-89.188431
710.595703	-89.529091
732.128906	-85.459305
753.662109	-81.614418
775.195312	-87.502197
796.728516	-84.153000
818.261719	-87.214127
839.794922	-86.719849
861.328125	-86.376999
882.861328	-88.791901
904.394531	-86.083061
925.927734	-81.934525
947.460938	-74.999214
968.994141	-79.064316
990.527344	-87.611816
1012.060547	-87.089272
1033.593750	-85.769699
1055.126953	-83.908669
1076.660156	-87.578255
1098.193359	-90.235596
1119.726562	-93.291420
1141.259766	-90.274139
1162.792969	-90.673843
1184.326172	-95.959991
1205.859375	-94.928551
1227.392578	-88.719719
1248.925781	-81.846436
1270.458984	-86.514130
1291.992188	-91.626266
1313.525391	-92.464165
1335.058594	-91.955650
1356.591797	-89.403130
1378.125000	-96.829964
1399.658203	-96.997452
1421.191406	-99.558205
1442.724609	-97.821922
1464.257812	-94.606613
1485.791016	-88.350777
1507.324219	-84.966202
1528.857422	-85.006958
1550.390625	-84.701660
1571.923828	-86.258041
1593.457031	-89.649651
1614.990234	-92.806503
1636.523438	-92.012543
1658.056641	-90.886780
1679.589844	-95.066460
1701.123047	-92.807091
1722.656250	-94.123749
1744.189453	-86.815773
1765.722656	-88.554626
1787.255859	-93.958687
1808.789062	-92.941269
1830.322266	-95.423035
1851.855469	-94.297791
1873.388672	-95.901352
1894.921875	-95.065224
1916.455078	-95.020935
1937.988281	-92.696770
1959.521484	-90.600777
1981.054688	-91.222107
2002.587891	-93.114220
2024.121094	-95.767204
2045.654297	-91.504402
2067.187500	-89.971779
2088.720703	-89.060158
2110.253906	-89.124855
2131.787109	-90.910278
2153.320312	-91.740608
2174.853516	-92.936798
2196.386719	-91.539314
2217.919922	-91.606163
2239.453125	-92.592316
2260.986328	-93.448112
2282.519531	-93.831818
2304.052734	-92.815819
2325.585938	-94.251465
2347.119141	-91.668991
2368.652344	-93.628426
2390.185547	-95.117554
2411.718750	-94.999680
2433.251953	-96.127541
2454.785156	-95.301704
2476.318359	-97.192871
2497.851562	-96.556351
2519.384766	-96.314354
2540.917969	-96.175758
2562.451172	-95.555336
2583.984375	-94.712982
2605.517578	-94.185860
2627.050781	-93.843727
2648.583984	-93.019516
2670.117188	-94.493744
2691.650391	-97.977844
2713.183594	-102.331421
2734.716797	-103.011452
2756.250000	-100.104156
2777.783203	-100.245590
2799.316406	-97.200050
2820.849609	-98.223244
2842.382812	-98.195648
2863.916016	-98.852989
2885.449219	-98.781891
2906.982422	-97.401695
2928.515625	-102.151550
2950.048828	-100.354675
2971.582031	-101.814720
2993.115234	-99.883430
3014.648438	-99.224449
3036.181641	-97.834885
3057.714844	-95.417198
3079.248047	-93.051109
3100.781250	-90.400909
3122.314453	-89.201775
3143.847656	-88.723495
3165.380859	-88.652863
3186.914062	-89.116180
3208.447266	-89.366554
3229.980469	-88.659103
3251.513672	-87.384163
3273.046875	-85.449860
3294.580078	-83.380432
3316.113281	-82.688332
3337.646484	-83.759140
3359.179688	-87.107841
3380.712891	-91.825287
3402.246094	-96.539734
3423.779297	-99.524994
3445.312500	-96.872185
3466.845703	-98.330002
3488.378906	-101.545738
3509.912109	-101.755180
3531.445312	-100.606949
3552.978516	-97.414597
3574.511719	-99.141754
3596.044922	-98.397179
3617.578125	-97.985542
3639.111328	-96.705818
3660.644531	-94.841530
3682.177734	-93.402161
3703.710938	-92.545387
3725.244141	-91.893539
3746.777344	-90.496925
3768.310547	-90.803017
3789.843750	-91.591225
3811.376953	-92.091064
3832.910156	-91.921547
3854.443359	-91.350838
3875.976562	-93.551498
3897.509766	-96.998848
3919.042969	-102.577370
3940.576172	-106.285782
3962.109375	-104.574097
3983.642578	-101.383423
4005.175781	-97.159569
4026.708984	-93.881203
4048.242188	-91.003304
4069.775391	-89.547493
4091.308594	-89.124504
4112.841797	-89.022255
4134.375000	-88.577538
4155.908203	-88.193245
4177.441406	-88.433861
4198.974609	-88.842926
4220.507812	-89.671120
4242.041016	-90.459457
4263.574219	-91.718536
4285.107422	-93.564850
4306.640625	-94.709877
4328.173828	-95.399445
4349.707031	-95.210098
4371.240234	-95.582268
4392.773438	-95.703285
4414.306641	-96.746033
4435.839844	-97.526596
4457.373047	-97.157829
4478.906250	-95.209213
4500.439453	-92.341835
4521.972656	-90.386902
4543.505859	-87.794617
4565.039062	-85.732155
4586.572266	-84.613289
4608.105469	-83.573151
4629.638672	-82.669273
4651.171875	-82.450722
4672.705078	-82.692337
4694.238281	-83.161613
4715.771484	-84.114838
4737.304688	-85.003181
4758.837891	-86.805557
4780.371094	-89.006073
4801.904297	-92.051361
4823.437500	-96.271408
4844.970703	-99.989029
4866.503906	-97.650803
4888.037109	-93.709373
4909.570312	-91.214508
4931.103516	-89.777618
4952.636719	-88.273605
4974.169922	-86.023689
4995.703125	-83.182549
5017.236328	-80.433731
5038.769531	-78.780441
5060.302734	-77.661064
5081.835938	-76.655205
5103.369141	-75.746010
5124.902344	-75.109406
5146.435547	-74.453491
5167.968750	-75.177948
5189.501953	-76.666092
5211.035156	-78.973640
5232.568359	-80.635681
5254.101562	-80.630486
5275.634766	-79.778084
5297.167969	-78.344978
5318.701172	-76.816124
5340.234375	-75.178543
5361.767578	-74.330063
5383.300781	-74.071159
5404.833984	-73.984688
5426.367188	-73.941391
5447.900391	-73.315514
5469.433594	-73.119415
5490.966797	-73.498672
5512.500000	-74.250885
5534.033203	-74.640419
5555.566406	-74.847229
5577.099609	-75.386444
5598.632812	-75.491173
5620.166016	-74.323677
5641.699219	-73.598137
5663.232422	-73.372604
5684.765625	-72.993584
5706.298828	-72.594437
5727.832031	-72.922043
5749.365234	-72.997383
5770.898438	-73.183197
5792.431641	-73.540161
5813.964844	-74.709404
5835.498047	-75.888008
5857.031250	-77.958214
5878.564453	-80.939903
5900.097656	-85.749512
5921.630859	-91.130295
5943.164062	-92.083458
5964.697266	-93.572266
5986.230469	-94.688942
6007.763672	-96.122833
6029.296875	-93.787544
6050.830078	-87.835884
6072.363281	-83.233093
6093.896484	-79.489777
6115.429688	-77.191536
6136.962891	-76.497398
6158.496094	-76.968002
6180.029297	-78.192711
6201.562500	-80.738411
6223.095703	-85.602051
6244.628906	-90.243492
6266.162109	-84.842323
6287.695312	-81.412796
6309.228516	-79.384979
6330.761719	-78.689743
6352.294922	-78.194588
6373.828125	-78.848610
6395.361328	-80.180725
6416.894531	-81.506775
6438.427734	-82.487251
6459.960938	-82.910263
6481.494141	-83.427856
6503.027344	-83.774002
6524.560547	-84.587135
6546.093750	-86.116936
6567.626953	-86.788872
6589.160156	-86.408722
6610.693359	-85.236374
6632.226562	-84.693527
6653.759766	-84.701897
6675.292969	-84.659279
6696.826172	-83.669823
6718.359375	-82.591484
6739.892578	-82.778023
6761.425781	-82.175247
6782.958984	-81.895882
6804.492188	-81.425026
6826.025391	-80.813332
6847.558594	-79.976524
6869.091797	-79.157959
6890.625000	-78.385971
6912.158203	-77.736610
6933.691406	-77.283386
6955.224609	-77.224869
6976.757812	-77.774765
6998.291016	-78.409454
7019.824219	-79.280327
7041.357422	-80.156921
7062.890625	-81.323006
7084.423828	-82.243469
7105.957031	-82.444405
7127.490234	-82.499535
7149.023438	-82.186623
7170.556641	-81.702438
7192.089844	-80.840500
7213.623047	-80.388847
7235.156250	-80.138252
7256.689453	-80.006111
7278.222656	-79.992821
7299.755859	-79.719292
7321.289062	-80.130714
7342.822266	-80.721397
7364.355469	-81.817963
7385.888672	-82.282738
7407.421875	-83.148674
7428.955078	-84.260056
7450.488281	-85.223534
7472.021484	-86.417793
7493.554688	-87.057182
7515.087891	-86.509331
7536.621094	-85.613159
7558.154297	-84.418884
7579.687500	-83.590134
7601.220703	-83.162903
7622.753906	-82.084526
7644.287109	-81.484573
7665.820312	-80.893333
7687.353516	-80.851463
7708.886719	-80.776253
7730.419922	-81.330452
7751.953125	-81.513641
7773.486328	-81.817047
7795.019531	-82.778282
7816.552734	-84.024185
7838.085938	-84.882492
7859.619141	-86.385628
7881.152344	-88.009613
7902.685547	-89.491859
7924.218750	-90.569550
7945.751953	-90.862206
7967.285156	-92.144852
7988.818359	-93.809822
8010.351562	-94.954666
8031.884766	-95.899323
8053.417969	-95.738045
8074.951172	-94.579926
8096.484375	-93.440353
8118.017578	-91.668411
8139.550781	-89.840210
8161.083984	-87.869698
8182.617188	-86.306877
8204.150391	-85.038864
8225.683594	-83.739067
8247.216797	-82.493896
8268.750000	-81.766991
8290.283203	-81.495522
8311.816406	-81.721901
8333.349609	-81.923294
8354.882812	-81.636421
8376.416016	-81.776672
8397.949219	-81.493629
8419.482422	-81.221046
8441.015625	-81.627289
8462.548828	-81.784119
8484.082031	-81.906021
8505.615234	-82.039360
8527.148438	-81.672272
8548.681641	-82.318558
8570.214844	-82.092308
8591.748047	-81.459595
8613.281250	-81.614426
8634.814453	-82.030327
8656.347656	-82.144783
8677.880859	-82.401703
8699.414062	-83.278358
8720.947266	-84.177444
8742.480469	-85.529739
8764.013672	-86.213448
8785.546875	-86.469574
8807.080078	-87.437584
8828.613281	-87.444000
8850.146484	-87.020340
8871.679688	-86.658981
8893.212891	-85.681534
8914.746094	-84.639465
8936.279297	-83.701057
8957.812500	-82.708534
8979.345703	-81.979912
9000.878906	-81.164665
9022.412109	-80.926773
9043.945312	-80.344490
9065.478516	-79.877243
9087.011719	-79.976685
9108.544922	-80.046417
9130.078125	-79.874763
9151.611328	-79.831551
9173.144531	-79.884094
9194.677734	-79.846512
9216.210938	-80.573135
9237.744141	-81.233391
9259.277344	-81.991547
9280.810547	-82.628700
9302.343750	-83.758728
9323.876953	-85.207855
9345.410156	-86.152985
9366.943359	-87.134552
9388.476562	-87.476463
9410.009766	-86.974899
9431.542969	-86.481949
9453.076172	-85.290565
9474.609375	-84.471649
9496.142578	-83.987083
9517.675781	-83.281090
9539.208984	-82.752495
9560.742188	-82.251099
9582.275391	-82.079231
9603.808594	-81.219147
9625.341797	-80.570038
9646.875000	-79.734001
9668.408203	-79.167870
9689.941406	-79.179764
9711.474609	-79.429077
9733.007812	-79.327499
9754.541016	-79.263283
9776.074219	-79.200737
9797.607422	-79.312943
9819.140625	-79.001015
9840.673828	-79.275337
9862.207031	-79.716133
9883.740234	-79.813377
9905.273438	-80.290787
9926.806641	-80.152237
9948.339844	-80.128250
9969.873047	-80.224068
9991.406250	-80.615829
10012.939453	-80.796852
10034.472656	-81.580101
10056.005859	-82.018501
10077.539062	-83.024864
10099.072266	-84.524040
10120.605469	-85.570030
10142.138672	-86.529861
10163.671875	-88.151207
10185.205078	-90.374702
10206.738281	-92.582001
10228.271484	-95.181076
10249.804688	-96.371140
10271.337891	-99.252419
10292.871094	-102.580208
10314.404297	-98.669022
10335.937500	-95.183807
10357.470703	-92.396492
10379.003906	-91.443192
10400.537109	-90.464485
10422.070312	-89.383858
10443.603516	-88.513443
10465.136719	-88.382591
10486.669922	-88.344238
10508.203125	-88.245193
10529.736328	-88.596558
10551.269531	-88.587128
10572.802734	-88.510902
10594.335938	-88.621391
10615.869141	-88.450714
10637.402344	-88.681137
10658.935547	-89.140045
10680.468750	-89.705055
10702.001953	-89.776878
10723.535156	-89.863701
10745.068359	-90.339714
10766.601562	-91.087540
10788.134766	-91.514442
10809.667969	-91.739113
10831.201172	-91.793617
10852.734375	-90.995987
10874.267578	-91.061462
10895.800781	-90.732346
10917.333984	-89.982422
10938.867188	-89.024849
10960.400391	-88.029915
10981.933594	-87.172234
11003.466797	-85.543610
11025.000000	-84.298592
11046.533203	-83.335899
11068.066406	-82.743561
11089.599609	-82.379059
11111.132812	-82.246674
11132.666016	-81.933571
11154.199219	-81.810387
11175.732422	-81.959274
11197.265625	-82.554657
11218.798828	-82.345978
11240.332031	-82.577713
11261.865234	-83.325737
11283.398438	-84.110611
11304.931641	-84.713776
11326.464844	-85.837921
11347.998047	-86.596756
11369.531250	-87.657677
11391.064453	-88.706581
11412.597656	-89.966232
11434.130859	-90.780693
11455.664062	-91.005318
11477.197266	-90.596909
11498.730469	-89.902603
11520.263672	-89.555176
11541.796875	-88.962326
11563.330078	-89.071335
11584.863281	-89.862679
11606.396484	-89.845673
11627.929688	-90.299057
11649.462891	-90.275917
11670.996094	-90.352547
11692.529297	-90.370377
11714.062500	-90.355499
11735.595703	-89.741203
11757.128906	-88.857109
11778.662109	-88.550903
11800.195312	-87.315475
11821.728516	-86.047592
11843.261719	-84.642792
11864.794922	-83.586388
11886.328125	-82.277046
11907.861328	-80.877319
11929.394531	-79.851692
11950.927734	-79.085205
11972.460938	-78.301247
11993.994141	-77.293823
12015.527344	-76.652031
12037.060547	-76.051826
12058.593750	-75.740837
12080.126953	-75.930161
12101.660156	-75.542252
12123.193359	-75.253181
12144.726562	-75.642830
12166.259766	-75.299278
12187.792969	-75.050301
12209.326172	-75.055855
12230.859375	-74.992218
12252.392578	-75.106392
12273.925781	-75.358002
12295.458984	-75.551620
12316.992188	-76.069382
12338.525391	-76.260269
12360.058594	-76.589470
12381.591797	-76.980476
12403.125000	-77.066208
12424.658203	-76.839615
12446.191406	-77.018982
12467.724609	-77.255104
12489.257812	-76.809196
12510.791016	-77.099823
12532.324219	-77.829460
12553.857422	-77.989449
12575.390625	-77.825783
12596.923828	-77.912064
12618.457031	-78.130112
12639.990234	-77.989746
12661.523438	-78.069000
12683.056641	-77.960136
12704.589844	-78.213303
12726.123047	-78.742310
12747.656250	-79.204063
12769.189453	-79.647156
12790.722656	-80.263405
12812.255859	-80.714737
12833.789062	-81.012352
12855.322266	-81.509895
12876.855469	-81.857773
12898.388672	-81.977013
12919.921875	-82.282623
12941.455078	-82.305458
12962.988281	-82.206665
12984.521484	-82.287903
13006.054688	-82.266548
13027.587891	-82.423706
13049.121094	-82.008011
13070.654297	-81.906151
13092.187500	-82.103172
13113.720703	-81.736229
13135.253906	-81.346191
13156.787109	-81.047874
13178.320312	-81.043770
13199.853516	-80.787041
13221.386719	-80.680260
13242.919922	-80.716995
13264.453125	-80.664124
13285.986328	-80.925552
13307.519531	-81.274200
13329.052734	-81.888687
13350.585938	-82.043610
13372.119141	-82.515663
13393.652344	-82.952827
13415.185547	-83.204712
13436.718750	-83.501183
13458.251953	-84.090378
13479.785156	-84.508995
13501.318359	-84.240334
13522.851562	-84.247620
13544.384766	-84.641045
13565.917969	-84.474892
13587.451172	-84.212181
13608.984375	-84.177589
13630.517578	-84.625412
13652.050781	-84.667801
13673.583984	-84.999489
13695.117188	-85.649261
13716.650391	-85.819206
13738.183594	-86.160324
13759.716797	-86.381187
13781.250000	-86.941628
13802.783203	-87.846695
13824.316406	-88.459755
13845.849609	-89.080421
13867.382812	-90.142136
13888.916016	-91.110153
13910.449219	-92.348946
13931.982422	-93.569466
13953.515625	-93.407829
13975.048828	-94.758759
13996.582031	-96.439613
14018.115234	-96.990585
14039.648438	-97.442070
14061.181641	-96.750519
14082.714844	-98.157204
14104.248047	-98.252075
14125.781250	-98.411629
14147.314453	-97.001572
14168.847656	-96.681969
14190.380859	-98.021568
14211.914062	-97.653275
14233.447266	-97.035713
14254.980469	-95.334641
14276.513672	-96.124596
14298.046875	-96.854614
14319.580078	-96.580338
14341.113281	-96.054169
14362.646484	-95.267258
14384.179688	-95.604103
14405.712891	-95.570137
14427.246094	-95.843567
14448.779297	-94.323509
14470.312500	-93.825768
14491.845703	-95.238075
14513.378906	-95.737732
14534.912109	-95.533012
14556.445312	-93.955536
14577.978516	-94.618706
14599.511719	-95.681976
14621.044922	-95.986961
14642.578125	-95.778564
14664.111328	-95.088837
14685.644531	-96.765244
14707.177734	-97.325874
14728.710938	-98.037102
14750.244141	-96.520332
14771.777344	-96.801239
14793.310547	-99.545906
14814.843750	-99.909546
14836.376953	-100.313332
14857.910156	-98.390022
14879.443359	-100.283707
14900.976562	-102.078964
14922.509766	-102.958878
14944.042969	-101.114082
14965.576172	-98.980278
14987.109375	-104.153587
15008.642578	-104.912903
15030.175781	-105.610130
15051.708984	-99.920135
15073.242188	-100.468338
15094.775391	-105.389198
15116.308594	-104.539146
15137.841797	-103.137436
15159.375000	-98.659088
15180.908203	-101.059814
15202.441406	-102.223000
15223.974609	-101.546761
15245.507812	-98.563950
15267.041016	-96.860901
15288.574219	-100.262230
15310.107422	-99.802559
15331.640625	-99.495125
15353.173828	-96.938530
15374.707031	-97.231262
15396.240234	-98.682449
15417.773438	-98.510727
15439.306641	-97.627747
15460.839844	-95.255554
15482.373047	-97.005157
15503.906250	-97.146210
15525.439453	-96.767189
15546.972656	-95.228325
15568.505859	-94.768784
15590.039062	-95.719978
15611.572266	-95.311020
15633.105469	-95.230278
15654.638672	-94.504654
15676.171875	-94.812798
15697.705078	-95.315933
15719.238281	-95.704918
15740.771484	-94.994888
15762.304688	-93.844757
15783.837891	-95.949562
15805.371094	-96.396698
15826.904297	-96.654243
15848.437500	-95.206894
15869.970703	-95.055206
15891.503906	-97.225609
15913.037109	-97.441910
15934.570312	-97.613693
15956.103516	-95.393654
15977.636719	-96.544121
15999.169922	-98.253136
16020.703125	-98.687813
16042.236328	-98.039322
16063.769531	-95.924049
16085.302734	-99.365234
16106.835938	-100.664940
16128.369141	-101.713234
16149.902344	-98.956902
16171.435547	-98.643456
16192.968750	-102.952583
16214.501953	-102.277267
16236.035156	-101.844246
16257.568359	-96.669479
16279.101562	-98.623062
16300.634766	-100.748146
16322.167969	-100.477142
16343.701172	-98.722618
16365.234375	-96.135818
16386.767578	-98.603622
16408.300781	-98.260956
16429.833984	-98.407562
16451.367188	-96.129761
16472.900391	-95.821350
16494.433594	-97.864540
16515.966797	-97.698463
16537.500000	-97.362404
16559.033203	-94.686989
16580.566406	-96.661858
16602.099609	-98.263916
16623.632812	-98.660728
16645.166016	-96.950172
16666.699219	-95.344933
16688.232422	-99.042114
16709.765625	-99.670319
16731.298828	-100.514771
16752.832031	-96.437958
16774.365234	-96.807709
16795.898438	-100.831779
16817.431641	-100.133423
16838.964844	-99.464798
16860.498047	-95.698486
16882.031250	-97.957664
16903.564453	-98.801559
16925.097656	-98.548775
16946.630859	-96.346672
16968.164062	-95.026772
16989.697266	-96.873596
17011.230469	-96.133003
17032.763672	-95.428894
17054.296875	-93.340233
17075.830078	-93.769676
17097.363281	-94.864349
17118.896484	-94.929024
17140.429688	-94.544044
17161.962891	-92.231514
17183.496094	-93.774307
17205.029297	-94.275185
17226.562500	-94.104927
17248.095703	-93.160637
17269.628906	-92.353828
17291.162109	-93.596886
17312.695312	-93.758942
17334.228516	-94.058144
17355.761719	-91.826599
17377.294922	-92.329216
17398.828125	-93.533562
17420.361328	-93.753899
17441.894531	-93.392899
17463.427734	-91.773849
17484.960938	-93.190269
17506.494141	-93.749870
17528.027344	-94.324913
17549.560547	-92.723503
17571.093750	-91.742592
17592.626953	-93.502365
17614.160156	-93.553032
17635.693359	-93.581154
17657.226562	-91.625641
17678.759766	-92.323158
17700.292969	-93.240936
17721.826172	-93.402229
17743.359375	-92.833000
17764.892578	-91.541473
17786.425781	-92.845863
17807.958984	-93.334984
17829.492188	-93.553299
17851.025391	-91.694504
17872.558594	-91.322144
17894.091797	-93.356384
17915.625000	-92.890762
17937.158203	-92.880417
17958.691406	-90.796196
17980.224609	-89.900955
18001.757812	-91.606705
18023.291016	-93.134949
18044.824219	-92.039703
18066.357422	-90.331741
18087.890625	-92.853035
18109.423828	-93.306831
18130.957031	-93.274391
18152.490234	-91.400154
18174.023438	-91.299095
18195.556641	-93.030319
18217.089844	-93.049164
18238.623047	-93.235107
18260.156250	-91.010063
18281.689453	-92.414322
18303.222656	-93.124763
18324.755859	-93.052048
18346.289062	-91.908157
18367.822266	-90.336472
18389.355469	-92.738068
18410.888672	-92.695908
18432.421875	-93.005081
18453.955078	-90.788078
18475.488281	-91.321144
18497.021484	-93.396507
18518.554688	-92.985832
18540.087891	-93.180862
18561.621094	-89.898476
18583.154297	-92.309242
18604.687500	-93.212646
18626.220703	-93.233742
18647.753906	-91.498085
18669.287109	-89.821625
18690.820312	-93.250374
18712.353516	-93.193810
18733.886719	-93.827736
18755.419922	-90.421097
18776.953125	-91.194847
18798.486328	-94.029243
18820.019531	-92.975754
18841.552734	-92.683304
18863.085938	-89.554306
18884.619141	-92.420670
18906.152344	-93.104675
18927.685547	-93.393890
18949.218750	-90.932999
18970.751953	-89.660416
18992.285156	-93.491745
19013.818359	-91.926834
19035.351562	-92.978287
19056.884766	-90.050316
19078.417969	-91.182396
19099.951172	-92.970306
19121.484375	-92.311440
19143.017578	-91.789146
19164.550781	-88.856392
19186.083984	-92.129265
19207.617188	-92.357719
19229.150391	-92.758293
19250.683594	-90.439590
19272.216797	-89.435303
19293.750000	-92.651085
19315.283203	-91.453682
19336.816406	-92.476746
19358.349609	-89.023727
19379.882812	-90.631104
19401.416016	-92.627800
19422.949219	-92.314438
19444.482422	-91.272095
19466.015625	-88.198616
19487.548828	-91.983223
19509.082031	-91.694778
19530.615234	-92.464325
19552.148438	-90.663002
19573.681641	-90.131386
19595.214844	-92.657257
19616.748047	-91.954842
19638.281250	-92.529327
19659.814453	-89.321098
19681.347656	-91.019699
19702.880859	-92.410072
19724.414062	-92.389282
19745.947266	-92.000206
19767.480469	-89.968796
19789.013672	-92.882317
19810.546875	-92.651611
19832.080078	-93.421089
19853.613281	-90.982742
19875.146484	-91.048721
19896.679688	-93.702293
19918.212891	-93.374634
19939.746094	-93.178421
19961.279297	-90.001686
19982.812500	-92.168503
20004.345703	-93.374840
20025.878906	-93.464188
20047.412109	-92.934692
20068.945312	-91.673294
20090.478516	-94.251274
20112.011719	-94.067215
20133.544922	-94.751396
20155.078125	-92.271210
20176.611328	-92.672440
20198.144531	-94.751434
20219.677734	-94.345161
20241.210938	-95.009857
20262.744141	-93.577789
20284.277344	-94.560265
20305.810547	-94.695671
20327.343750	-94.960152
20348.876953	-94.531075
20370.410156	-93.743248
20391.943359	-95.418007
20413.476562	-95.193558
20435.009766	-95.837410
20456.542969	-93.710831
20478.076172	-94.174881
20499.609375	-95.920113
20521.142578	-95.171745
20542.675781	-95.249969
20564.208984	-94.498398
20585.742188	-95.496254
20607.275391	-95.855019
20628.808594	-96.324150
20650.341797	-95.695679
20671.875000	-94.938133
20693.408203	-96.549393
20714.941406	-96.257523
20736.474609	-96.511139
20758.007812	-95.443924
20779.541016	-96.090431
20801.074219	-97.071037
20822.607422	-97.035606
20844.140625	-97.187958
20865.673828	-96.288177
20887.207031	-97.384964
20908.740234	-97.841896
20930.273438	-97.858925
20951.806641	-97.509613
20973.339844	-97.334213
20994.873047	-98.686829
21016.406250	-98.491165
21037.939453	-98.621353
21059.472656	-98.122658
21081.005859	-98.904984
21102.539062	-99.338333
21124.072266	-99.582718
21145.605469	-99.371017
21167.138672	-98.874519
21188.671875	-100.668373
21210.205078	-100.789955
21231.738281	-100.934784
21253.271484	-100.067001
21274.804688	-100.162781
21296.337891	-101.692421
21317.871094	-101.673042
21339.404297	-102.006699
21360.937500	-100.150864
21382.470703	-101.183159
21404.003906	-102.388489
21425.537109	-102.063789
21447.070312	-101.729065
21468.603516	-100.235489
21490.136719	-102.123260
21511.669922	-102.724876
21533.203125	-103.167343
21554.736328	-102.004219
21576.269531	-102.180786
21597.802734	-103.308357
21619.335938	-103.004265
21640.869141	-102.807274
21662.402344	-101.599480
21683.935547	-102.563873
21705.468750	-103.579338
21727.001953	-103.474518
21748.535156	-103.572136
21770.068359	-103.091827
21791.601562	-103.639725
21813.134766	-103.460831
21834.667969	-103.272331
21856.201172	-103.568764
21877.734375	-103.824272
21899.267578	-104.019150
21920.800781	-103.342537
21942.333984	-103.597679
21963.867188	-103.740250
21985.400391	-103.862907
22006.933594	-103.869415
22028.466797	-103.714661
