Frequency (Hz)	Level (dB)
21.533203	-56.830246
43.066406	-46.174004
64.599609	-48.249313
86.132812	-63.766937
107.666016	-64.912254
129.199219	-72.569893
150.732422	-74.961777
172.265625	-80.329811
193.798828	-76.407112
215.332031	-78.870903
236.865234	-86.173256
258.398438	-84.694069
279.931641	-76.004295
301.464844	-71.005043
322.998047	-75.726662
344.531250	-70.448486
366.064453	-73.251724
387.597656	-78.930862
409.130859	-78.541733
430.664062	-79.237274
452.197266	-74.844505
473.730469	-77.783554
495.263672	-79.729042
516.796875	-84.109215
538.330078	-81.614807
559.863281	-79.332382
581.396484	-80.028709
602.929688	-82.829773
624.462891	-81.452248
645.996094	-73.798576
667.529297	-77.531265
689.062500	-89.943489
710.595703	-91.028267
732.128906	-82.211121
753.662109	-78.493416
775.195312	-85.656929
796.728516	-83.687645
818.261719	-87.553535
839.794922	-89.594505
861.328125	-88.661713
882.861328	-85.883049
904.394531	-84.401718
925.927734	-81.665337
947.460938	-75.359207
968.994141	-79.923523
990.527344	-88.252419
1012.060547	-89.173088
1033.593750	-92.557373
1055.126953	-90.390320
1076.660156	-95.578011
1098.193359	-95.135406
1119.726562	-94.764435
1141.259766	-87.308990
1162.792969	-88.356491
1184.326172	-95.433029
1205.859375	-94.937317
1227.392578	-90.537239
1248.925781	-84.741493
1270.458984	-88.754410
1291.992188	-86.791878
1313.525391	-83.241013
1335.058594	-81.689407
1356.591797	-83.621338
1378.125000	-88.871384
1399.658203	-87.628227
1421.191406	-86.873711
1442.724609	-88.802551
1464.257812	-92.423004
1485.791016	-91.512077
1507.324219	-90.703003
1528.857422	-92.081863
1550.390625	-89.322929
1571.923828	-92.120857
1593.457031	-91.450760
1614.990234	-90.360802
1636.523438	-87.852333
1658.056641	-87.081917
1679.589844	-87.533569
1701.123047	-86.039230
1722.656250	-85.235786
1744.189453	-83.343010
1765.722656	-83.621559
1787.255859	-84.095947
1808.789062	-84.273048
1830.322266	-85.098511
1851.855469	-85.220985
1873.388672	-84.421669
1894.921875	-83.076988
1916.455078	-83.062149
1937.988281	-83.991890
1959.521484	-82.247375
1981.054688	-77.556854
2002.587891	-74.214951
2024.121094	-72.778076
2045.654297	-71.950043
2067.187500	-71.741501
2088.720703	-71.584229
2110.253906	-71.593262
2131.787109	-71.423798
2153.320312	-70.994522
2174.853516	-71.105682
2196.386719	-71.777916
2217.919922	-72.577652
2239.453125	-73.526497
2260.986328	-74.883202
2282.519531	-76.066559
2304.052734	-77.562683
2325.585938	-79.139198
2347.119141	-80.165741
2368.652344	-81.512993
2390.185547	-82.638847
2411.718750	-84.074211
2433.251953	-85.217896
2454.785156	-86.252640
2476.318359	-88.553429
2497.851562	-90.977654
2519.384766	-91.286308
2540.917969	-90.275505
2562.451172	-89.810654
2583.984375	-89.699478
2605.517578	-90.213127
2627.050781	-90.701889
2648.583984	-89.783112
2670.117188	-89.202324
2691.650391	-89.129013
2713.183594	-89.444847
2734.716797	-91.109093
2756.250000	-93.642754
2777.783203	-95.499435
2799.316406	-95.244072
2820.849609	-96.927376
2842.382812	-96.484703
2863.916016	-96.019073
2885.449219	-95.061607
2906.982422	-93.936668
2928.515625	-94.220642
2950.048828	-93.330849
2971.582031	-93.310928
2993.115234	-92.380249
3014.648438	-92.195587
3036.181641	-90.798416
3057.714844	-88.934074
3079.248047	-87.976509
3100.781250	-86.660728
3122.314453	-86.561516
3143.847656	-86.701805
3165.380859	-85.001671
3186.914062	-83.102997
3208.447266	-81.461838
3229.980469	-79.966431
3251.513672	-79.419243
3273.046875	-79.526711
3294.580078	-79.561432
3316.113281	-79.761749
3337.646484	-80.879173
3359.179688	-82.949158
3380.712891	-84.846634
3402.246094	-85.897942
3423.779297	-86.437813
3445.312500	-86.757278
3466.845703	-88.400627
3488.378906	-91.106522
3509.912109	-95.290756
3531.445312	-99.212433
3552.978516	-96.436386
3574.511719	-94.599525
3596.044922	-93.582558
3617.578125	-93.828537
3639.111328	-94.277733
3660.644531	-95.148254
3682.177734	-97.396484
3703.710938	-100.515442
3725.244141	-102.228424
3746.777344	-98.767487
3768.310547	-97.568153
3789.843750	-94.607681
3811.376953	-91.957565
3832.910156	-90.555817
3854.443359	-89.679199
3875.976562	-89.160179
3897.509766	-88.431534
3919.042969	-87.740822
3940.576172	-86.657639
3962.109375	-84.949883
3983.642578	-82.685646
4005.175781	-81.060219
4026.708984	-79.787086
4048.242188	-78.811417
4069.775391	-78.326866
4091.308594	-78.968811
4112.841797	-80.103363
4134.375000	-81.399872
4155.908203	-83.085625
4177.441406	-85.091530
4198.974609	-87.128242
4220.507812	-88.260559
4242.041016	-88.045021
4263.574219	-87.753159
4285.107422	-88.063889
4306.640625	-88.611565
4328.173828	-89.529259
4349.707031	-91.088112
4371.240234	-93.933266
4392.773438	-97.409660
4414.306641	-101.725975
4435.839844	-98.053116
4457.373047	-94.886200
4478.906250	-92.968521
4500.439453	-91.347839
4521.972656	-90.257050
4543.505859	-88.845375
4565.039062	-87.767586
4586.572266	-87.319939
4608.105469	-86.966743
4629.638672	-86.925690
4651.171875	-86.944725
4672.705078	-87.434875
4694.238281	-87.688744
4715.771484	-88.131172
4737.304688	-89.030960
4758.837891	-90.337288
4780.371094	-92.222687
4801.904297	-94.645355
4823.437500	-96.789070
4844.970703	-97.544487
4866.503906	-99.062683
4888.037109	-99.595734
4909.570312	-99.949409
4931.103516	-100.534401
4952.636719	-98.944176
4974.169922	-97.216042
4995.703125	-95.202843
5017.236328	-93.815910
5038.769531	-93.417191
5060.302734	-93.739227
5081.835938	-95.055794
5103.369141	-96.043159
5124.902344	-95.313324
5146.435547	-92.657593
5167.968750	-90.911758
5189.501953	-90.070038
5211.035156	-89.537910
5232.568359	-88.206474
5254.101562	-87.387733
5275.634766	-87.667564
5297.167969	-88.597229
5318.701172	-90.373581
5340.234375	-91.825447
5361.767578	-91.365044
5383.300781	-89.028206
5404.833984	-86.918922
5426.367188	-85.092392
5447.900391	-83.072136
5469.433594	-81.463509
5490.966797	-80.371429
5512.500000	-79.408310
5534.033203	-77.938263
5555.566406	-76.398941
5577.099609	-75.828903
5598.632812	-74.850189
5620.166016	-73.926796
5641.699219	-73.307442
5663.232422	-72.976463
5684.765625	-72.356468
5706.298828	-72.278030
5727.832031	-72.213936
5749.365234	-72.210182
5770.898438	-72.589760
5792.431641	-73.025383
5813.964844	-74.751717
5835.498047	-76.578384
5857.031250	-78.749466
5878.564453	-80.307266
5900.097656	-80.755882
5921.630859	-79.820412
5943.164062	-78.185753
5964.697266	-76.683876
5986.230469	-75.425911
6007.763672	-74.365768
6029.296875	-73.272758
6050.830078	-72.265671
6072.363281	-71.549271
6093.896484	-70.691330
6115.429688	-70.144951
6136.962891	-70.263504
6158.496094	-70.654358
6180.029297	-71.219208
6201.562500	-72.026726
6223.095703	-72.972458
6244.628906	-74.398087
6266.162109	-74.701111
6287.695312	-75.079239
6309.228516	-75.485718
6330.761719	-75.739487
6352.294922	-75.797745
6373.828125	-76.459656
6395.361328	-77.109322
6416.894531	-77.536026
6438.427734	-77.933342
6459.960938	-78.451195
6481.494141	-79.237160
6503.027344	-79.803680
6524.560547	-80.381920
6546.093750	-80.670815
6567.626953	-80.579659
6589.160156	-80.682541
6610.693359	-80.832222
6632.226562	-81.416214
6653.759766	-82.331635
6675.292969	-83.438545
6696.826172	-84.110283
6718.359375	-84.917053
6739.892578	-87.080536
6761.425781	-90.300140
6782.958984	-95.195381
6804.492188	-94.026138
6826.025391	-89.926125
6847.558594	-87.061630
6869.091797	-85.396416
6890.625000	-84.685844
6912.158203	-84.117622
6933.691406	-83.869118
6955.224609	-84.113541
6976.757812	-85.057556
6998.291016	-85.893127
7019.824219	-87.422729
7041.357422	-88.815437
7062.890625	-90.098396
7084.423828	-91.239388
7105.957031	-91.824554
7127.490234	-92.529007
7149.023438	-93.009209
7170.556641	-94.136604
7192.089844	-92.977074
7213.623047	-91.728325
7235.156250	-90.905602
7256.689453	-90.447067
7278.222656	-89.606026
7299.755859	-89.116005
7321.289062	-89.115082
7342.822266	-88.825218
7364.355469	-89.259087
7385.888672	-89.549446
7407.421875	-89.982315
7428.955078	-90.189667
7450.488281	-90.481155
7472.021484	-91.341164
7493.554688	-91.925453
7515.087891	-92.545166
7536.621094	-92.936501
7558.154297	-93.356499
7579.687500	-93.889893
7601.220703	-94.311493
7622.753906	-93.717468
7644.287109	-92.933914
7665.820312	-92.485619
7687.353516	-92.326553
7708.886719	-91.869720
7730.419922	-91.774971
7751.953125	-91.362564
7773.486328	-91.360596
7795.019531	-91.954109
7816.552734	-92.078064
7838.085938	-92.224617
7859.619141	-92.933479
7881.152344	-93.894150
7902.685547	-94.594254
7924.218750	-94.721115
7945.751953	-93.958549
7967.285156	-95.149109
7988.818359	-96.243294
8010.351562	-96.688568
8031.884766	-97.042786
8053.417969	-97.168076
8074.951172	-97.836037
8096.484375	-98.344299
8118.017578	-99.057663
8139.550781	-98.103531
8161.083984	-99.372841
8182.617188	-101.571274
8204.150391	-102.656975
8225.683594	-102.869568
8247.216797	-102.234665
8268.750000	-103.394997
8290.283203	-102.870575
8311.816406	-102.739624
8333.349609	-102.081657
8354.882812	-100.874908
8376.416016	-99.991127
8397.949219	-98.937187
8419.482422	-97.973511
8441.015625	-96.385704
8462.548828	-96.494293
8484.082031	-97.216080
8505.615234	-97.517403
8527.148438	-96.979630
8548.681641	-97.187866
8570.214844	-97.558609
8591.748047	-96.835350
8613.281250	-96.538582
8634.814453	-96.319206
8656.347656	-95.990677
8677.880859	-95.440117
8699.414062	-95.343155
8720.947266	-95.327713
8742.480469	-94.454407
8764.013672	-95.445930
8785.546875	-96.166267
8807.080078	-96.490257
8828.613281	-95.995995
8850.146484	-95.475449
8871.679688	-96.191498
8893.212891	-96.136581
8914.746094	-96.199936
8936.279297	-95.772018
8957.812500	-95.669540
8979.345703	-95.977188
9000.878906	-95.582191
9022.412109	-95.442963
9043.945312	-94.590637
9065.478516	-94.283707
9087.011719	-94.326530
9108.544922	-94.344421
9130.078125	-94.018623
9151.611328	-93.842567
9173.144531	-93.684174
9194.677734	-93.621925
9216.210938	-94.042969
9237.744141	-93.529526
9259.277344	-93.674217
9280.810547	-94.200264
9302.343750	-94.828850
9323.876953	-95.322975
9345.410156	-94.837807
9366.943359	-95.822708
9388.476562	-96.031532
9410.009766	-95.354836
9431.542969	-94.867462
9453.076172	-93.699837
9474.609375	-92.683327
9496.142578	-91.677299
9517.675781	-90.993652
9539.208984	-89.881310
9560.742188	-89.895561
9582.275391	-90.575745
9603.808594	-90.428505
9625.341797	-90.644363
9646.875000	-90.849686
9668.408203	-91.292740
9689.941406	-91.873611
9711.474609	-92.867882
9733.007812	-93.169418
9754.541016	-93.537163
9776.074219	-94.961403
9797.607422	-95.062279
9819.140625	-95.184540
9840.673828	-94.743179
9862.207031	-94.940819
9883.740234	-95.227943
9905.273438	-95.266968
9926.806641	-94.891472
9948.339844	-94.350883
9969.873047	-94.671303
9991.406250	-94.542770
10012.939453	-94.573990
10034.472656	-94.278290
10056.005859	-94.063423
10077.539062	-94.716263
10099.072266	-94.985413
10120.605469	-94.755470
10142.138672	-93.977921
10163.671875	-94.275246
10185.205078	-95.212654
10206.738281	-95.151070
10228.271484	-95.271507
10249.804688	-95.049507
10271.337891	-96.130333
10292.871094	-96.657135
10314.404297	-96.913788
10335.937500	-96.301842
10357.470703	-96.722893
10379.003906	-98.850807
10400.537109	-99.437439
10422.070312	-99.707840
10443.603516	-99.137459
10465.136719	-99.882210
10486.669922	-100.099251
10508.203125	-99.937065
10529.736328	-98.952415
10551.269531	-97.628624
10572.802734	-98.753670
10594.335938	-98.279167
10615.869141	-97.530037
10637.402344	-96.253082
10658.935547	-96.071526
10680.468750	-96.050743
10702.001953	-95.038826
10723.535156	-94.036255
10745.068359	-93.634209
10766.601562	-93.642990
10788.134766	-93.147163
10809.667969	-93.251427
10831.201172	-92.876198
10852.734375	-92.715416
10874.267578	-93.884018
10895.800781	-94.458023
10917.333984	-95.103577
10938.867188	-95.841248
10960.400391	-97.114105
10981.933594	-98.875076
11003.466797	-99.386292
11025.000000	-99.370392
11046.533203	-98.037979
11068.066406	-100.228905
11089.599609	-101.045677
11111.132812	-100.740982
11132.666016	-98.299706
11154.199219	-96.923752
11175.732422	-97.080154
11197.265625	-96.174873
11218.798828	-94.223076
11240.332031	-92.784988
11261.865234	-91.893013
11283.398438	-90.675102
11304.931641	-89.582916
11326.464844	-88.819931
11347.998047	-87.880127
11369.531250	-87.413864
11391.064453	-86.704384
11412.597656	-86.629890
11434.130859	-86.688057
11455.664062	-86.754501
11477.197266	-87.019775
11498.730469	-86.983902
11520.263672	-87.350586
11541.796875	-87.323715
11563.330078	-87.603561
11584.863281	-88.465370
11606.396484	-88.408379
11627.929688	-88.511040
11649.462891	-88.915489
11670.996094	-89.678894
11692.529297	-89.882355
11714.062500	-90.525635
11735.595703	-91.246231
11757.128906	-92.116714
11778.662109	-93.660629
11800.195312	-95.406364
11821.728516	-96.972786
11843.261719	-98.095963
11864.794922	-101.654495
11886.328125	-104.035522
11907.861328	-100.477280
11929.394531	-96.754906
11950.927734	-94.183365
11972.460938	-92.725853
11993.994141	-91.178345
12015.527344	-89.902649
12037.060547	-88.774796
12058.593750	-87.994583
12080.126953	-87.836281
12101.660156	-87.367607
12123.193359	-87.387604
12144.726562	-87.701828
12166.259766	-88.068047
12187.792969	-89.014053
12209.326172	-89.976128
12230.859375	-91.295540
12252.392578	-92.667130
12273.925781	-94.689072
12295.458984	-95.942307
12316.992188	-95.132736
12338.525391	-93.347847
12360.058594	-92.074280
12381.591797	-90.973419
12403.125000	-89.378113
12424.658203	-88.073959
12446.191406	-86.834778
12467.724609	-86.028862
12489.257812	-85.228951
12510.791016	-84.854622
12532.324219	-84.971565
12553.857422	-84.881523
12575.390625	-84.467926
12596.923828	-84.382957
12618.457031	-84.313339
12639.990234	-84.102692
12661.523438	-83.944038
12683.056641	-83.653748
12704.589844	-83.432831
12726.123047	-83.561623
12747.656250	-83.430336
12769.189453	-83.338547
12790.722656	-83.582420
12812.255859	-83.724709
12833.789062	-83.839134
12855.322266	-84.293892
12876.855469	-84.610451
12898.388672	-85.403336
12919.921875	-86.519005
12941.455078	-87.159607
12962.988281	-87.087845
12984.521484	-87.122421
13006.054688	-86.511139
13027.587891	-85.593391
13049.121094	-84.404221
13070.654297	-83.425636
13092.187500	-82.766708
13113.720703	-82.068481
13135.253906	-81.416901
13156.787109	-81.062630
13178.320312	-80.874855
13199.853516	-80.277885
13221.386719	-80.021568
13242.919922	-79.760826
13264.453125	-79.642426
13285.986328	-79.766663
13307.519531	-80.224998
13329.052734	-80.365120
13350.585938	-80.337997
13372.119141	-80.580200
13393.652344	-80.730629
13415.185547	-80.784203
13436.718750	-81.108994
13458.251953	-81.571259
13479.785156	-81.842354
13501.318359	-81.687057
13522.851562	-81.823570
13544.384766	-82.179085
13565.917969	-81.844261
13587.451172	-81.545868
13608.984375	-81.789505
13630.517578	-82.315643
13652.050781	-82.310287
13673.583984	-82.582451
13695.117188	-82.840317
13716.650391	-82.646240
13738.183594	-82.429443
13759.716797	-82.136650
13781.250000	-82.031425
13802.783203	-81.575623
13824.316406	-80.863853
13845.849609	-80.331245
13867.382812	-80.069901
13888.916016	-79.675766
13910.449219	-79.816467
13931.982422	-79.954720
13953.515625	-79.779366
13975.048828	-80.135445
13996.582031	-80.357246
14018.115234	-80.265572
14039.648438	-80.251503
14061.181641	-80.836838
14082.714844	-81.243713
14104.248047	-81.634529
14125.781250	-81.866600
14147.314453	-81.836548
14168.847656	-81.982368
14190.380859	-82.208763
14211.914062	-82.539124
14233.447266	-82.243042
14254.980469	-82.118279
14276.513672	-82.351837
14298.046875	-82.959557
14319.580078	-82.555733
14341.113281	-82.050720
14362.646484	-82.292671
14384.179688	-81.834114
14405.712891	-81.817337
14427.246094	-81.849571
14448.779297	-81.394028
14470.312500	-80.993797
14491.845703	-81.182228
14513.378906	-81.207535
14534.912109	-81.048698
14556.445312	-80.698418
14577.978516	-80.746658
14599.511719	-80.917969
14621.044922	-81.096733
14642.578125	-81.300148
14664.111328	-81.512909
14685.644531	-81.613754
14707.177734	-81.234528
14728.710938	-81.336266
14750.244141	-81.228340
14771.777344	-81.545471
14793.310547	-81.716171
14814.843750	-81.845085
14836.376953	-81.806007
14857.910156	-81.723900
14879.443359	-81.866211
14900.976562	-82.103798
14922.509766	-82.189819
14944.042969	-82.202759
14965.576172	-82.172287
14987.109375	-81.994156
15008.642578	-81.924568
15030.175781	-81.924217
15051.708984	-81.788017
15073.242188	-82.020142
15094.775391	-81.851013
15116.308594	-81.698219
15137.841797	-82.070114
15159.375000	-82.559921
15180.908203	-82.783806
15202.441406	-83.250130
15223.974609	-83.630333
15245.507812	-83.867180
15267.041016	-84.508980
15288.574219	-85.245255
15310.107422	-85.438408
15331.640625	-85.744423
15353.173828	-85.699310
15374.707031	-86.027977
15396.240234	-86.180634
15417.773438	-86.212349
15439.306641	-86.389824
15460.839844	-86.518311
15482.373047	-86.519051
15503.906250	-86.513641
15525.439453	-86.549583
15546.972656	-86.421288
15568.505859	-86.732239
15590.039062	-86.581360
15611.572266	-86.448883
15633.105469	-86.448570
15654.638672	-86.785103
15676.171875	-87.159828
15697.705078	-87.015221
15719.238281	-87.094116
15740.771484	-86.757370
15762.304688	-87.020470
15783.837891	-87.502243
15805.371094	-87.853828
15826.904297	-87.494133
15848.437500	-87.074974
15869.970703	-87.676559
15891.503906	-88.129196
15913.037109	-88.557716
15934.570312	-88.332611
15956.103516	-88.139656
15977.636719	-88.538643
15999.169922	-88.627502
16020.703125	-88.556381
16042.236328	-88.490448
16063.769531	-88.651466
16085.302734	-88.988655
16106.835938	-88.704277
16128.369141	-88.553963
16149.902344	-88.417213
16171.435547	-88.502045
16192.968750	-88.371841
16214.501953	-88.718124
16236.035156	-88.432327
16257.568359	-88.228149
16279.101562	-88.440201
16300.634766	-88.409454
16322.167969	-88.292656
16343.701172	-87.998512
16365.234375	-87.884102
16386.767578	-87.633652
16408.300781	-87.881149
16429.833984	-87.725731
16451.367188	-87.003227
16472.900391	-87.354507
16494.433594	-87.814468
16515.966797	-87.945961
16537.500000	-87.823837
16559.033203	-88.090210
16580.566406	-89.143356
16602.099609	-89.317719
16623.632812	-89.422081
16645.166016	-89.344955
16666.699219	-90.099457
16688.232422	-90.599922
16709.765625	-90.912636
16731.298828	-91.281448
16752.832031	-91.133888
16774.365234	-91.962151
16795.898438	-92.365395
16817.431641	-92.524460
16838.964844	-91.984787
16860.498047	-92.420158
16882.031250	-92.920341
16903.564453	-93.364174
16925.097656	-93.200546
16946.630859	-91.975845
16968.164062	-93.054146
16989.697266	-93.693932
17011.230469	-93.979355
17032.763672	-93.030258
17054.296875	-92.919830
17075.830078	-94.093681
17097.363281	-93.987381
17118.896484	-93.965729
17140.429688	-92.509880
17161.962891	-93.222969
17183.496094	-94.545929
17205.029297	-94.852806
17226.562500	-94.447144
17248.095703	-93.760826
17269.628906	-95.795242
17291.162109	-96.175652
17312.695312	-96.366051
17334.228516	-95.215866
17355.761719	-95.525703
17377.294922	-97.770760
17398.828125	-97.558350
17420.361328	-97.769585
17441.894531	-95.209694
17463.427734	-96.838448
17484.960938	-98.378838
17506.494141	-97.946182
17528.027344	-96.238571
17549.560547	-94.397018
17571.093750	-97.167679
17592.626953	-97.408310
17614.160156	-97.600113
17635.693359	-94.588661
17657.226562	-94.973862
17678.759766	-98.516846
17700.292969	-98.623215
17721.826172	-97.296936
17743.359375	-93.785309
17764.892578	-96.453285
17786.425781	-98.243576
17807.958984	-98.070618
17829.492188	-95.323639
17851.025391	-93.710739
17872.558594	-96.480759
17894.091797	-95.719109
17915.625000	-95.495064
17937.158203	-92.993080
17958.691406	-93.225792
17980.224609	-91.826035
18001.757812	-92.528404
18023.291016	-93.891411
18044.824219	-92.264488
18066.357422	-93.686790
18087.890625	-93.372086
18109.423828	-93.585831
18130.957031	-92.889565
18152.490234	-92.512535
18174.023438	-93.704834
18195.556641	-93.581154
18217.089844	-93.607941
18238.623047	-91.656158
18260.156250	-92.405846
18281.689453	-93.684723
18303.222656	-93.644653
18324.755859	-93.160225
18346.289062	-91.708328
18367.822266	-93.414818
18389.355469	-93.358017
18410.888672	-93.707344
18432.421875	-91.699638
18453.955078	-91.134453
18475.488281	-94.028244
18497.021484	-93.950119
18518.554688	-93.848801
18540.087891	-90.906372
18561.621094	-92.599113
18583.154297	-94.131973
18604.687500	-94.155846
18626.220703	-93.234375
18647.753906	-91.422867
18669.287109	-94.018845
18690.820312	-93.859215
18712.353516	-94.090431
18733.886719	-91.459030
18755.419922	-91.432442
18776.953125	-94.325470
18798.486328	-93.667946
18820.019531	-94.029282
18841.552734	-91.801666
18863.085938	-93.508904
18884.619141	-94.439720
18906.152344	-94.341019
18927.685547	-93.297554
18949.218750	-91.613113
18970.751953	-94.259605
18992.285156	-93.628983
19013.818359	-94.619514
19035.351562	-91.486389
19056.884766	-91.735344
19078.417969	-94.700378
19099.951172	-93.941643
19121.484375	-94.273857
19143.017578	-91.032089
19164.550781	-93.381950
19186.083984	-93.985474
19207.617188	-94.260071
19229.150391	-92.443253
19250.683594	-90.722382
19272.216797	-94.561546
19293.750000	-93.971375
19315.283203	-94.692688
19336.816406	-91.132195
19358.349609	-92.017639
19379.882812	-94.358780
19401.416016	-93.705116
19422.949219	-93.604965
19444.482422	-90.760498
19466.015625	-93.218513
19487.548828	-93.050446
19509.082031	-93.705788
19530.615234	-92.413719
19552.148438	-91.330093
19573.681641	-94.179565
19595.214844	-93.484184
19616.748047	-94.279457
19638.281250	-91.708473
19659.814453	-92.800308
19681.347656	-94.007736
19702.880859	-93.722115
19724.414062	-93.654457
19745.947266	-91.831429
19767.480469	-94.197113
19789.013672	-93.895309
19810.546875	-94.306442
19832.080078	-91.819939
19853.613281	-91.401443
19875.146484	-94.547462
19896.679688	-94.183037
19918.212891	-94.955940
19939.746094	-92.681625
19961.279297	-93.872520
19982.812500	-94.533020
20004.345703	-94.342995
20025.878906	-93.788589
20047.412109	-91.838806
20068.945312	-94.647949
20090.478516	-94.937729
20112.011719	-95.591019
20133.544922	-93.494041
20155.078125	-93.331993
20176.611328	-95.536758
20198.144531	-95.080292
20219.677734	-95.633583
20241.210938	-94.199791
20262.744141	-95.396996
20284.277344	-96.115456
20305.810547	-96.219063
20327.343750	-94.565384
20348.876953	-92.714279
20370.410156	-96.164886
20391.943359	-96.664680
20413.476562	-97.122383
20435.009766	-96.626266
20456.542969	-96.766655
20478.076172	-97.652435
20499.609375	-97.106041
20521.142578	-96.762680
20542.675781	-94.257210
20564.208984	-96.569450
20585.742188	-98.018555
20607.275391	-98.005333
20628.808594	-97.675812
20650.341797	-97.362961
20671.875000	-98.982185
20693.408203	-98.336769
20714.941406	-98.633476
20736.474609	-96.948257
20758.007812	-97.655861
20779.541016	-99.286842
20801.074219	-98.926292
20822.607422	-99.026489
20844.140625	-97.906975
20865.673828	-99.351265
20887.207031	-99.707359
20908.740234	-99.938766
20930.273438	-99.818367
20951.806641	-99.436310
20973.339844	-100.462196
20994.873047	-100.383362
21016.406250	-100.514198
21037.939453	-98.921722
21059.472656	-100.003372
21081.005859	-101.069771
21102.539062	-101.033363
21124.072266	-100.936401
21145.605469	-99.796417
21167.138672	-101.315552
21188.671875	-101.272514
21210.205078	-101.623039
21231.738281	-100.563065
21253.271484	-100.179306
21274.804688	-102.136002
21296.337891	-102.029869
21317.871094	-102.280960
21339.404297	-100.676758
21360.937500	-101.696892
21382.470703	-102.798492
21404.003906	-103.078133
21425.537109	-102.805527
21447.070312	-102.128891
21468.603516	-103.217278
21490.136719	-103.102905
21511.669922	-103.416679
21533.203125	-102.790390
21554.736328	-102.808250
21576.269531	-103.507675
21597.802734	-103.358681
21619.335938	-103.559799
21640.869141	-103.058777
21662.402344	-103.596542
21683.935547	-103.511536
21705.468750	-103.364052
21727.001953	-103.908630
21748.535156	-103.299873
21770.068359	-103.758942
21791.601562	-103.873619
21813.134766	-103.896782
21834.667969	-103.344894
21856.201172	-103.545303
21877.734375	-104.425423
21899.267578	-104.402382
21920.800781	-104.287521
21942.333984	-103.361191
21963.867188	-103.783890
21985.400391	-104.531822
22006.933594	-104.516685
22028.466797	-104.099533
