Frequency (Hz)	Level (dB)
21.533203	-55.776268
43.066406	-45.183117
64.599609	-47.215359
86.132812	-60.294594
107.666016	-63.134399
129.199219	-74.063919
150.732422	-76.116089
172.265625	-79.616791
193.798828	-75.769264
215.332031	-78.376862
236.865234	-83.851822
258.398438	-77.683960
279.931641	-72.618988
301.464844	-71.021912
322.998047	-74.645287
344.531250	-68.829185
366.064453	-71.792313
387.597656	-80.597862
409.130859	-79.756187
430.664062	-77.530060
452.197266	-73.293556
473.730469	-79.313370
495.263672	-83.013512
516.796875	-81.191078
538.330078	-75.663857
559.863281	-75.826447
581.396484	-79.818611
602.929688	-80.429314
624.462891	-77.552261
645.996094	-70.515610
667.529297	-74.251251
689.062500	-89.042778
710.595703	-90.033432
732.128906	-81.219688
753.662109	-77.494766
775.195312	-84.937126
796.728516	-84.969589
818.261719	-88.208221
839.794922	-88.987297
861.328125	-89.040794
882.861328	-92.067757
904.394531	-89.680290
925.927734	-80.670609
947.460938	-73.813568
968.994141	-77.437477
990.527344	-85.880234
1012.060547	-85.061127
1033.593750	-80.551781
1055.126953	-78.419815
1076.660156	-80.669952
1098.193359	-82.720901
1119.726562	-84.311150
1141.259766	-84.262253
1162.792969	-85.929520
1184.326172	-90.820953
1205.859375	-90.835815
1227.392578	-88.493324
1248.925781	-83.821129
1270.458984	-87.785187
1291.992188	-91.520622
1313.525391	-92.672195
1335.058594	-91.677277
1356.591797	-90.797012
1378.125000	-94.135788
1399.658203	-92.116028
1421.191406	-91.866508
1442.724609	-88.875687
1464.257812	-89.171631
1485.791016	-89.099037
1507.324219	-87.886040
1528.857422	-86.195915
1550.390625	-82.209953
1571.923828	-79.751114
1593.457031	-80.394547
1614.990234	-83.699753
1636.523438	-87.455460
1658.056641	-90.389336
1679.589844	-92.500359
1701.123047	-91.348701
1722.656250	-92.027435
1744.189453	-87.396950
1765.722656	-89.326904
1787.255859	-92.617882
1808.789062	-92.450768
1830.322266	-92.920738
1851.855469	-91.902962
1873.388672	-92.051498
1894.921875	-91.342140
1916.455078	-90.126328
1937.988281	-88.012253
1959.521484	-86.483635
1981.054688	-86.139374
2002.587891	-85.604904
2024.121094	-85.174095
2045.654297	-81.665497
2067.187500	-76.281670
2088.720703	-71.889008
2110.253906	-70.645363
2131.787109	-71.176880
2153.320312	-72.991051
2174.853516	-76.785835
2196.386719	-81.444855
2217.919922	-86.749825
2239.453125	-89.361382
2260.986328	-90.944595
2282.519531	-91.953316
2304.052734	-92.668068
2325.585938	-94.034874
2347.119141	-92.608978
2368.652344	-94.441734
2390.185547	-95.009010
2411.718750	-96.327728
2433.251953	-99.324501
2454.785156	-99.754997
2476.318359	-101.148636
2497.851562	-99.848183
2519.384766	-103.103592
2540.917969	-104.418571
2562.451172	-105.213028
2583.984375	-106.318405
2605.517578	-104.397118
2627.050781	-103.787201
2648.583984	-102.457703
2670.117188	-102.479729
2691.650391	-102.225746
2713.183594	-102.644104
2734.716797	-102.336685
2756.250000	-102.588837
2777.783203	-105.379539
2799.316406	-103.234482
2820.849609	-106.970032
2842.382812	-106.271095
2863.916016	-106.972435
2885.449219	-102.116829
2906.982422	-100.493210
2928.515625	-107.125359
2950.048828	-107.276398
2971.582031	-107.967712
2993.115234	-104.721550
3014.648438	-105.786728
3036.181641	-104.356064
3057.714844	-102.655685
3079.248047	-102.691628
3100.781250	-99.841064
3122.314453	-99.591103
3143.847656	-98.625267
3165.380859	-97.200668
3186.914062	-96.584747
3208.447266	-97.090714
3229.980469	-99.043076
3251.513672	-101.130386
3273.046875	-100.499901
3294.580078	-95.026276
3316.113281	-91.060013
3337.646484	-89.023209
3359.179688	-88.577888
3380.712891	-89.187843
3402.246094	-89.102470
3423.779297	-89.034470
3445.312500	-89.944839
3466.845703	-92.974075
3488.378906	-96.223396
3509.912109	-97.709854
3531.445312	-98.739182
3552.978516	-98.778549
3574.511719	-96.863487
3596.044922	-93.672073
3617.578125	-91.307892
3639.111328	-89.389793
3660.644531	-87.906044
3682.177734	-87.687126
3703.710938	-88.561546
3725.244141	-89.624184
3746.777344	-90.265274
3768.310547	-91.886360
3789.843750	-93.991150
3811.376953	-94.945992
3832.910156	-95.035072
3854.443359	-94.552299
3875.976562	-93.804626
3897.509766	-92.528725
3919.042969	-91.598358
3940.576172	-90.452095
3962.109375	-88.688477
3983.642578	-86.473564
4005.175781	-84.845909
4026.708984	-83.683006
4048.242188	-82.846504
4069.775391	-82.062057
4091.308594	-82.021057
4112.841797	-81.657784
4134.375000	-81.612831
4155.908203	-82.318604
4177.441406	-84.159821
4198.974609	-86.601311
4220.507812	-87.727470
4242.041016	-87.413040
4263.574219	-87.702362
4285.107422	-88.642570
4306.640625	-90.109756
4328.173828	-91.809052
4349.707031	-92.955772
4371.240234	-94.043137
4392.773438	-94.449104
4414.306641	-95.489227
4435.839844	-97.339821
4457.373047	-98.895500
4478.906250	-99.883659
4500.439453	-99.559746
4521.972656	-98.690498
4543.505859	-97.195587
4565.039062	-96.843666
4586.572266	-97.655266
4608.105469	-97.351425
4629.638672	-96.095139
4651.171875	-95.250877
4672.705078	-94.975220
4694.238281	-94.976181
4715.771484	-95.188171
4737.304688	-95.511856
4758.837891	-96.587784
4780.371094	-98.482414
4801.904297	-101.315552
4823.437500	-104.221329
4844.970703	-99.940613
4866.503906	-94.847748
4888.037109	-91.010742
4909.570312	-87.842300
4931.103516	-85.567635
4952.636719	-84.764915
4974.169922	-84.791145
4995.703125	-84.729073
5017.236328	-85.051018
5038.769531	-85.828552
5060.302734	-86.796234
5081.835938	-87.954781
5103.369141	-88.978767
5124.902344	-89.248497
5146.435547	-88.227753
5167.968750	-87.270805
5189.501953	-86.440834
5211.035156	-85.667534
5232.568359	-83.982147
5254.101562	-82.479706
5275.634766	-81.306190
5297.167969	-80.238937
5318.701172	-79.934097
5340.234375	-79.847069
5361.767578	-79.980499
5383.300781	-79.907135
5404.833984	-79.707886
5426.367188	-79.437202
5447.900391	-79.144913
5469.433594	-80.074165
5490.966797	-81.799675
5512.500000	-83.436676
5534.033203	-83.520905
5555.566406	-82.701492
5577.099609	-81.939804
5598.632812	-80.142792
5620.166016	-78.099274
5641.699219	-76.573975
5663.232422	-75.563499
5684.765625	-74.991020
5706.298828	-75.360344
5727.832031	-75.849983
5749.365234	-76.321907
5770.898438	-75.967804
5792.431641	-75.304535
5813.964844	-75.136215
5835.498047	-75.464935
5857.031250	-76.237343
5878.564453	-76.827614
5900.097656	-76.300674
5921.630859	-74.349747
5943.164062	-72.091087
5964.697266	-70.569626
5986.230469	-69.891678
6007.763672	-69.964325
6029.296875	-70.353813
6050.830078	-70.399307
6072.363281	-70.432663
6093.896484	-69.957230
6115.429688	-69.012794
6136.962891	-68.514359
6158.496094	-68.376068
6180.029297	-68.574997
6201.562500	-69.102974
6223.095703	-69.932533
6244.628906	-70.832962
6266.162109	-70.445999
6287.695312	-70.069153
6309.228516	-69.514305
6330.761719	-68.935143
6352.294922	-68.193947
6373.828125	-68.340111
6395.361328	-68.713852
6416.894531	-69.320938
6438.427734	-69.975800
6459.960938	-71.108299
6481.494141	-72.557014
6503.027344	-73.751808
6524.560547	-74.807899
6546.093750	-74.760078
6567.626953	-74.005478
6589.160156	-73.424789
6610.693359	-73.407402
6632.226562	-73.889122
6653.759766	-74.726746
6675.292969	-75.264175
6696.826172	-74.249443
6718.359375	-73.636086
6739.892578	-73.688889
6761.425781	-73.462166
6782.958984	-73.761963
6804.492188	-73.588181
6826.025391	-73.697723
6847.558594	-73.665276
6869.091797	-73.195602
6890.625000	-73.581108
6912.158203	-73.906822
6933.691406	-74.296715
6955.224609	-75.164322
6976.757812	-76.669266
6998.291016	-77.439339
7019.824219	-77.945496
7041.357422	-77.932922
7062.890625	-77.820740
7084.423828	-77.344261
7105.957031	-76.860428
7127.490234	-76.628700
7149.023438	-76.668762
7170.556641	-76.434891
7192.089844	-75.329880
7213.623047	-74.882233
7235.156250	-74.770157
7256.689453	-74.576149
7278.222656	-73.925262
7299.755859	-73.873276
7321.289062	-74.291916
7342.822266	-74.382111
7364.355469	-75.060059
7385.888672	-75.908806
7407.421875	-76.272240
7428.955078	-76.722969
7450.488281	-77.198456
7472.021484	-77.945732
7493.554688	-78.753685
7515.087891	-79.856674
7536.621094	-80.935051
7558.154297	-82.120163
7579.687500	-83.748650
7601.220703	-86.298203
7622.753906	-88.884171
7644.287109	-92.017799
7665.820312	-94.232285
7687.353516	-93.615509
7708.886719	-90.878258
7730.419922	-88.871651
7751.953125	-87.602943
7773.486328	-86.797226
7795.019531	-87.324211
7816.552734	-87.335022
7838.085938	-87.305344
7859.619141	-87.516594
7881.152344	-87.321159
7902.685547	-86.975266
7924.218750	-86.450897
7945.751953	-86.070549
7967.285156	-86.005257
7988.818359	-86.344231
8010.351562	-86.931328
8031.884766	-87.577805
8053.417969	-87.988029
8074.951172	-88.453934
8096.484375	-89.688896
8118.017578	-91.955528
8139.550781	-94.174088
8161.083984	-94.889206
8182.617188	-92.450859
8204.150391	-89.708435
8225.683594	-86.962540
8247.216797	-85.039421
8268.750000	-83.882050
8290.283203	-83.003922
8311.816406	-83.068954
8333.349609	-83.421181
8354.882812	-83.480904
8376.416016	-83.736328
8397.949219	-83.196892
8419.482422	-82.514877
8441.015625	-81.911644
8462.548828	-81.166542
8484.082031	-80.729790
8505.615234	-80.675774
8527.148438	-79.874527
8548.681641	-80.129860
8570.214844	-80.086830
8591.748047	-79.560974
8613.281250	-79.763786
8634.814453	-80.075226
8656.347656	-80.198059
8677.880859	-79.955437
8699.414062	-80.248695
8720.947266	-80.207550
8742.480469	-80.795441
8764.013672	-80.871765
8785.546875	-80.660309
8807.080078	-81.031433
8828.613281	-81.224068
8850.146484	-81.200066
8871.679688	-81.626556
8893.212891	-82.163536
8914.746094	-82.881966
8936.279297	-83.724014
8957.812500	-84.772682
8979.345703	-86.031944
9000.878906	-86.744484
9022.412109	-87.811668
9043.945312	-88.806305
9065.478516	-89.842529
9087.011719	-91.008842
9108.544922	-92.344109
9130.078125	-93.221313
9151.611328	-94.292732
9173.144531	-94.715805
9194.677734	-94.925613
9216.210938	-95.639763
9237.744141	-95.085808
9259.277344	-94.210083
9280.810547	-92.707253
9302.343750	-92.264992
9323.876953	-91.229263
9345.410156	-89.855736
9366.943359	-89.265244
9388.476562	-88.345703
9410.009766	-87.644958
9431.542969	-87.490654
9453.076172	-87.047546
9474.609375	-86.762199
9496.142578	-86.361237
9517.675781	-85.958908
9539.208984	-85.501457
9560.742188	-85.620445
9582.275391	-86.169884
9603.808594	-86.048798
9625.341797	-86.735901
9646.875000	-87.462715
9668.408203	-88.474846
9689.941406	-90.138603
9711.474609	-92.592155
9733.007812	-94.775520
9754.541016	-96.688217
9776.074219	-97.157227
9797.607422	-95.317688
9819.140625	-92.862518
9840.673828	-90.936302
9862.207031	-89.732178
9883.740234	-88.737389
9905.273438	-87.732605
9926.806641	-86.440857
9948.339844	-85.342995
9969.873047	-84.974716
9991.406250	-84.686028
10012.939453	-84.541542
10034.472656	-84.594673
10056.005859	-84.654610
10077.539062	-85.122620
10099.072266	-85.791817
10120.605469	-85.912407
10142.138672	-85.893501
10163.671875	-86.356079
10185.205078	-87.128891
10206.738281	-86.734283
10228.271484	-86.904137
10249.804688	-86.708000
10271.337891	-86.379883
10292.871094	-86.477432
10314.404297	-86.316696
10335.937500	-87.016106
10357.470703	-87.041122
10379.003906	-86.530876
10400.537109	-85.806992
10422.070312	-84.855316
10443.603516	-84.053871
10465.136719	-83.574890
10486.669922	-82.927284
10508.203125	-82.915039
10529.736328	-82.973953
10551.269531	-82.713371
10572.802734	-83.080353
10594.335938	-83.412903
10615.869141	-83.687996
10637.402344	-83.880348
10658.935547	-84.583595
10680.468750	-85.053261
10702.001953	-85.088814
10723.535156	-85.082054
10745.068359	-85.949768
10766.601562	-87.233650
10788.134766	-88.441841
10809.667969	-90.879257
10831.201172	-94.509705
10852.734375	-99.470917
10874.267578	-103.695152
10895.800781	-99.233826
10917.333984	-96.022552
10938.867188	-94.259117
10960.400391	-93.744759
10981.933594	-94.332588
11003.466797	-94.572517
11025.000000	-95.365105
11046.533203	-96.877327
11068.066406	-98.813225
11089.599609	-99.036980
11111.132812	-96.497360
11132.666016	-92.881058
11154.199219	-89.941559
11175.732422	-88.014870
11197.265625	-86.493378
11218.798828	-84.387840
11240.332031	-83.208466
11261.865234	-82.729523
11283.398438	-81.963608
11304.931641	-81.205696
11326.464844	-80.795937
11347.998047	-80.405663
11369.531250	-80.373161
11391.064453	-80.444351
11412.597656	-80.812492
11434.130859	-81.705322
11455.664062	-82.462090
11477.197266	-83.311371
11498.730469	-84.069336
11520.263672	-84.793549
11541.796875	-85.006042
11563.330078	-85.016014
11584.863281	-85.507439
11606.396484	-85.180077
11627.929688	-84.934532
11649.462891	-85.157997
11670.996094	-85.381828
11692.529297	-86.054390
11714.062500	-87.237007
11735.595703	-89.286186
11757.128906	-92.175476
11778.662109	-95.786964
11800.195312	-99.611191
11821.728516	-98.265358
11843.261719	-93.657883
11864.794922	-90.738281
11886.328125	-88.795868
11907.861328	-87.197578
11929.394531	-86.021484
11950.927734	-85.552773
11972.460938	-85.596420
11993.994141	-85.723183
12015.527344	-86.254562
12037.060547	-86.467155
12058.593750	-86.878334
12080.126953	-87.458237
12101.660156	-86.448761
12123.193359	-85.011101
12144.726562	-83.952690
12166.259766	-82.550079
12187.792969	-81.679993
12209.326172	-80.732620
12230.859375	-80.045715
12252.392578	-79.368011
12273.925781	-78.499580
12295.458984	-77.512062
12316.992188	-76.325264
12338.525391	-75.249184
12360.058594	-74.575249
12381.591797	-74.081444
12403.125000	-73.105843
12424.658203	-72.437744
12446.191406	-72.043243
12467.724609	-71.810432
12489.257812	-71.673447
12510.791016	-71.949905
12532.324219	-72.894341
12553.857422	-73.441689
12575.390625	-73.572418
12596.923828	-73.914970
12618.457031	-74.353264
12639.990234	-74.787315
12661.523438	-75.211807
12683.056641	-75.376900
12704.589844	-75.937187
12726.123047	-77.063286
12747.656250	-78.232071
12769.189453	-79.618629
12790.722656	-81.476326
12812.255859	-83.286270
12833.789062	-85.186768
12855.322266	-85.724838
12876.855469	-84.917740
12898.388672	-83.945206
12919.921875	-82.768982
12941.455078	-81.578430
12962.988281	-80.137428
12984.521484	-79.276398
13006.054688	-78.639839
13027.587891	-78.177444
13049.121094	-77.598846
13070.654297	-77.099167
13092.187500	-77.082642
13113.720703	-77.115562
13135.253906	-76.951218
13156.787109	-76.650574
13178.320312	-76.583405
13199.853516	-76.166801
13221.386719	-76.179947
13242.919922	-76.398308
13264.453125	-76.278885
13285.986328	-76.616943
13307.519531	-77.235550
13329.052734	-77.555313
13350.585938	-77.977737
13372.119141	-78.483986
13393.652344	-78.701935
13415.185547	-79.074303
13436.718750	-79.487213
13458.251953	-80.142342
13479.785156	-80.773979
13501.318359	-80.943817
13522.851562	-81.686554
13544.384766	-82.820099
13565.917969	-83.169586
13587.451172	-83.564178
13608.984375	-84.324806
13630.517578	-85.499435
13652.050781	-86.223686
13673.583984	-86.814713
13695.117188	-87.252739
13716.650391	-87.564293
13738.183594	-87.417389
13759.716797	-87.739746
13781.250000	-88.206245
13802.783203	-88.359779
13824.316406	-88.463379
13845.849609	-88.766998
13867.382812	-89.415909
13888.916016	-89.881386
13910.449219	-90.758415
13931.982422	-91.364212
13953.515625	-91.460228
13975.048828	-91.748833
13996.582031	-91.978500
14018.115234	-91.887115
14039.648438	-91.621292
14061.181641	-91.741867
14082.714844	-91.960091
14104.248047	-91.998283
14125.781250	-92.003242
14147.314453	-91.727089
14168.847656	-91.741066
14190.380859	-92.228867
14211.914062	-92.723190
14233.447266	-92.723717
14254.980469	-93.003098
14276.513672	-94.279716
14298.046875	-95.627151
14319.580078	-96.297630
14341.113281	-96.833855
14362.646484	-98.287590
14384.179688	-99.358131
14405.712891	-101.031609
14427.246094	-103.144501
14448.779297	-104.440781
14470.312500	-106.106728
14491.845703	-106.623016
14513.378906	-106.043030
14534.912109	-104.523796
14556.445312	-102.964935
14577.978516	-102.577400
14599.511719	-101.988869
14621.044922	-101.540413
14642.578125	-101.114624
14664.111328	-101.219543
14685.644531	-100.915405
14707.177734	-100.645584
14728.710938	-100.720390
14750.244141	-100.053078
14771.777344	-100.541687
14793.310547	-100.549301
14814.843750	-101.046867
14836.376953	-100.719376
14857.910156	-100.551186
14879.443359	-101.585472
14900.976562	-102.504623
14922.509766	-103.864853
14944.042969	-104.194290
14965.576172	-105.103096
14987.109375	-105.557220
15008.642578	-106.074135
15030.175781	-105.925385
15051.708984	-104.457840
15073.242188	-106.492928
15094.775391	-106.441788
15116.308594	-106.015343
15137.841797	-104.199722
15159.375000	-104.639175
15180.908203	-106.069710
15202.441406	-105.650917
15223.974609	-105.320000
15245.507812	-104.196068
15267.041016	-104.935463
15288.574219	-105.151436
15310.107422	-105.405037
15331.640625	-104.773201
15353.173828	-103.814476
15374.707031	-105.097366
15396.240234	-104.738380
15417.773438	-104.975517
15439.306641	-104.245216
15460.839844	-103.727448
15482.373047	-103.522324
15503.906250	-103.010292
15525.439453	-102.393814
15546.972656	-101.358421
15568.505859	-101.666344
15590.039062	-101.478951
15611.572266	-101.211815
15633.105469	-101.014153
15654.638672	-100.949081
15676.171875	-102.789368
15697.705078	-102.323799
15719.238281	-102.647629
15740.771484	-102.681396
15762.304688	-103.057518
15783.837891	-103.230888
15805.371094	-103.522614
15826.904297	-103.257469
15848.437500	-102.207924
15869.970703	-103.560310
15891.503906	-103.553627
15913.037109	-103.450478
15934.570312	-102.749878
15956.103516	-102.626282
15977.636719	-103.500458
15999.169922	-103.235878
16020.703125	-102.865936
16042.236328	-101.039581
16063.769531	-102.241272
16085.302734	-104.000114
16106.835938	-104.157784
16128.369141	-103.313927
16149.902344	-102.027649
16171.435547	-104.208588
16192.968750	-104.546730
16214.501953	-104.607445
16236.035156	-104.643990
16257.568359	-104.806816
16279.101562	-104.778595
16300.634766	-104.239380
16322.167969	-104.278099
16343.701172	-103.012360
16365.234375	-103.816231
16386.767578	-104.426773
16408.300781	-104.023888
16429.833984	-103.604065
16451.367188	-102.763512
16472.900391	-103.913933
16494.433594	-103.602371
16515.966797	-103.901939
16537.500000	-102.700195
16559.033203	-102.266273
16580.566406	-103.179688
16602.099609	-103.367111
16623.632812	-102.734184
16645.166016	-101.355782
16666.699219	-102.596062
16688.232422	-102.970268
16709.765625	-102.666214
16731.298828	-102.752632
16752.832031	-102.344734
16774.365234	-102.646927
16795.898438	-102.196289
16817.431641	-101.963745
16838.964844	-100.129776
16860.498047	-100.451744
16882.031250	-101.754250
16903.564453	-102.067833
16925.097656	-102.115402
16946.630859	-100.124565
16968.164062	-101.594124
16989.697266	-101.806618
17011.230469	-101.732140
17032.763672	-101.509064
17054.296875	-101.548080
17075.830078	-102.224319
17097.363281	-101.612114
17118.896484	-101.687759
17140.429688	-100.978760
17161.962891	-101.194115
17183.496094	-101.747345
17205.029297	-101.871574
17226.562500	-101.788811
17248.095703	-100.929039
17269.628906	-101.435837
17291.162109	-101.296066
17312.695312	-101.487099
17334.228516	-100.839951
17355.761719	-100.401520
17377.294922	-101.265610
17398.828125	-101.133759
17420.361328	-101.257629
17441.894531	-99.082649
17463.427734	-100.242989
17484.960938	-101.411552
17506.494141	-101.170570
17528.027344	-100.972046
17549.560547	-100.536003
17571.093750	-101.241035
17592.626953	-100.541481
17614.160156	-100.590767
17635.693359	-99.420891
17657.226562	-99.407944
17678.759766	-100.798019
17700.292969	-100.561928
17721.826172	-100.591164
17743.359375	-99.251442
17764.892578	-99.937080
17786.425781	-100.431740
17807.958984	-100.330894
17829.492188	-99.823296
17851.025391	-98.762207
17872.558594	-100.054817
17894.091797	-100.053764
17915.625000	-100.119308
17937.158203	-98.603386
17958.691406	-97.462906
17980.224609	-92.310272
18001.757812	-94.275368
18023.291016	-99.781746
18044.824219	-99.435944
18066.357422	-99.830383
18087.890625	-99.410652
18109.423828	-99.546005
18130.957031	-99.100075
18152.490234	-98.664597
18174.023438	-99.463608
18195.556641	-98.922112
18217.089844	-99.492752
18238.623047	-97.872620
18260.156250	-98.076370
18281.689453	-99.031235
18303.222656	-99.573662
18324.755859	-98.877800
18346.289062	-97.434219
18367.822266	-98.721497
18389.355469	-99.153061
18410.888672	-99.197723
18432.421875	-97.854324
18453.955078	-97.100952
18475.488281	-98.323212
18497.021484	-98.479645
18518.554688	-98.861229
18540.087891	-98.222450
18561.621094	-98.366524
18583.154297	-98.498894
18604.687500	-98.725594
18626.220703	-98.589233
18647.753906	-97.276047
18669.287109	-98.330254
18690.820312	-98.327499
18712.353516	-98.350433
18733.886719	-97.406494
18755.419922	-96.681274
18776.953125	-98.067390
18798.486328	-98.382286
18820.019531	-98.685150
18841.552734	-97.616379
18863.085938	-97.715462
18884.619141	-98.422485
18906.152344	-98.577919
18927.685547	-98.095818
18949.218750	-96.892586
18970.751953	-98.102272
18992.285156	-98.253304
19013.818359	-98.609756
19035.351562	-97.333115
19056.884766	-96.966637
19078.417969	-98.192802
19099.951172	-98.373940
19121.484375	-98.412659
19143.017578	-96.671471
19164.550781	-97.404015
19186.083984	-98.374031
19207.617188	-98.307030
19229.150391	-97.344727
19250.683594	-96.025040
19272.216797	-97.792191
19293.750000	-97.847641
19315.283203	-98.472076
19336.816406	-97.637390
19358.349609	-97.504341
19379.882812	-97.987747
19401.416016	-97.944832
19422.949219	-98.079445
19444.482422	-96.909973
19466.015625	-97.266022
19487.548828	-97.775475
19509.082031	-97.848946
19530.615234	-96.787659
19552.148438	-96.466614
19573.681641	-97.920891
19595.214844	-97.668465
19616.748047	-97.628525
19638.281250	-96.834503
19659.814453	-97.305771
19681.347656	-98.054375
19702.880859	-97.766190
19724.414062	-97.216995
19745.947266	-95.778053
19767.480469	-97.137962
19789.013672	-97.722870
19810.546875	-97.934555
19832.080078	-97.662926
19853.613281	-97.396217
19875.146484	-97.530968
19896.679688	-97.200157
19918.212891	-97.659355
19939.746094	-96.376991
19961.279297	-96.451210
19982.812500	-97.249481
20004.345703	-97.233253
20025.878906	-96.990517
20047.412109	-96.367874
20068.945312	-97.331436
20090.478516	-97.298454
20112.011719	-97.636131
20133.544922	-97.720238
20155.078125	-97.538780
20176.611328	-97.725090
20198.144531	-97.682167
20219.677734	-97.676117
20241.210938	-97.481148
20262.744141	-97.800331
20284.277344	-97.792488
20305.810547	-97.842178
20327.343750	-98.081230
20348.876953	-97.599075
20370.410156	-97.581573
20391.943359	-97.917587
20413.476562	-98.329208
20435.009766	-97.239044
20456.542969	-97.189133
20478.076172	-98.597084
20499.609375	-98.492317
20521.142578	-98.522316
20542.675781	-98.526947
20564.208984	-98.837677
20585.742188	-98.697899
20607.275391	-98.394173
20628.808594	-98.310631
20650.341797	-98.734886
20671.875000	-99.050461
20693.408203	-98.893997
20714.941406	-98.872688
20736.474609	-99.040253
20758.007812	-98.970894
20779.541016	-98.911156
20801.074219	-99.100853
20822.607422	-99.564278
20844.140625	-99.300804
20865.673828	-100.024292
20887.207031	-100.114990
20908.740234	-100.136398
20930.273438	-99.888130
20951.806641	-99.975464
20973.339844	-100.355782
20994.873047	-100.649628
21016.406250	-100.983955
21037.939453	-101.137146
21059.472656	-101.364288
21081.005859	-101.268646
21102.539062	-101.105782
21124.072266	-101.450691
21145.605469	-101.712372
21167.138672	-101.704704
21188.671875	-101.977966
21210.205078	-101.667366
21231.738281	-102.110695
21253.271484	-102.266823
21274.804688	-102.082993
21296.337891	-102.094688
21317.871094	-101.998840
21339.404297	-101.812210
21360.937500	-102.240196
21382.470703	-102.334366
21404.003906	-102.435394
21425.537109	-102.490631
21447.070312	-102.470535
21468.603516	-102.270958
21490.136719	-102.327110
21511.669922	-102.196220
21533.203125	-102.175575
21554.736328	-102.421463
21576.269531	-102.421928
21597.802734	-102.252739
21619.335938	-102.088356
21640.869141	-102.132202
21662.402344	-102.167000
21683.935547	-102.295967
21705.468750	-102.304955
21727.001953	-102.333412
21748.535156	-102.397980
21770.068359	-102.444328
21791.601562	-102.255249
21813.134766	-102.404716
21834.667969	-102.370148
21856.201172	-102.471870
21877.734375	-102.226990
21899.267578	-101.993416
21920.800781	-102.305664
21942.333984	-102.090065
21963.867188	-101.970367
21985.400391	-102.400673
22006.933594	-102.182831
22028.466797	-102.035118
