Frequency (Hz)	Level (dB)
21.533203	-58.633450
43.066406	-48.097607
64.599609	-50.088142
86.132813	-60.974163
107.666016	-62.766674
129.199219	-71.219582
150.732422	-71.339973
172.265625	-64.162857
193.798828	-64.442711
215.332031	-70.516754
236.865234	-77.993141
258.398438	-81.598434
279.931641	-76.550011
301.464844	-73.602036
322.998047	-75.613647
344.531250	-71.274269
366.064453	-74.071251
387.597656	-81.113304
409.130859	-81.285210
430.664063	-78.528725
452.197266	-73.940147
473.730469	-79.745010
495.263672	-80.519699
516.796875	-80.778458
538.330078	-83.297707
559.863281	-87.311485
581.396484	-87.449135
602.929688	-85.345596
624.462891	-81.063560
645.996094	-74.605141
667.529297	-78.182404
689.062500	-91.070061
710.595703	-89.936356
732.128906	-82.541061
753.662109	-78.879005
775.195313	-86.053970
796.728516	-86.900856
818.261719	-90.025749
839.794922	-89.353546
861.328125	-88.991722
882.861328	-90.222054
904.394531	-85.085121
925.927734	-78.394104
947.460938	-75.470932
968.994141	-79.836555
990.527344	-86.598709
1012.060547	-89.427696
1033.593750	-91.007690
1055.126953	-89.118080
1076.660156	-93.651985
1098.193359	-91.680817
1119.726563	-91.541763
1141.259766	-88.691055
1162.792969	-86.728996
1184.326172	-85.977562
1205.859375	-85.219444
1227.392578	-84.054024
1248.925781	-82.249229
1270.458984	-83.600555
1291.992188	-84.539597
1313.525391	-85.248848
1335.058594	-85.518608
1356.591797	-85.951698
1378.125000	-84.455063
1399.658203	-80.533119
1421.191406	-77.464714
1442.724609	-75.097733
1464.257813	-73.947418
1485.791016	-73.557053
1507.324219	-75.867371
1528.857422	-79.168343
1550.390625	-81.844139
1571.923828	-86.309349
1593.457031	-90.699348
1614.990234	-89.266678
1636.523438	-88.741287
1658.056641	-89.264160
1679.589844	-89.078682
1701.123047	-85.667328
1722.656250	-82.690071
1744.189453	-80.505592
1765.722656	-78.985718
1787.255859	-77.775444
1808.789063	-76.484802
1830.322266	-75.484062
1851.855469	-74.802055
1873.388672	-74.325912
1894.921875	-73.475555
1916.455078	-72.561264
1937.988281	-71.652458
1959.521484	-70.447388
1981.054688	-69.623672
2002.587891	-68.490578
2024.121094	-68.525833
2045.654297	-69.050301
2067.187500	-68.959229
2088.720703	-67.475494
2110.253906	-65.743034
2131.787109	-64.076157
2153.320313	-63.020660
2174.853516	-62.974754
2196.386719	-64.214294
2217.919922	-65.918404
2239.453125	-66.820572
2260.986328	-67.145256
2282.519531	-67.377380
2304.052734	-68.570847
2325.585938	-69.725403
2347.119141	-70.757835
2368.652344	-72.642502
2390.185547	-74.000114
2411.718750	-75.065552
2433.251953	-76.480965
2454.785156	-77.668411
2476.318359	-78.821655
2497.851563	-79.540077
2519.384766	-79.011169
2540.917969	-78.607002
2562.451172	-78.582230
2583.984375	-78.720009
2605.517578	-79.215469
2627.050781	-79.058174
2648.583984	-77.657181
2670.117188	-77.148178
2691.650391	-77.713562
2713.183594	-78.314812
2734.716797	-79.082710
2756.250000	-79.774513
2777.783203	-79.910332
2799.316406	-79.310196
2820.849609	-78.804985
2842.382813	-78.904007
2863.916016	-79.507217
2885.449219	-80.331329
2906.982422	-81.221756
2928.515625	-82.263016
2950.048828	-84.053024
2971.582031	-86.851822
2993.115234	-91.122704
3014.648438	-93.765060
3036.181641	-87.704674
3057.714844	-84.275986
3079.248047	-83.452034
3100.781250	-81.942108
3122.314453	-80.509323
3143.847656	-79.209137
3165.380859	-77.971313
3186.914063	-77.771011
3208.447266	-77.185577
3229.980469	-76.423180
3251.513672	-76.198128
3273.046875	-76.705154
3294.580078	-76.282997
3316.113281	-75.156830
3337.646484	-74.670471
3359.179688	-74.424965
3380.712891	-74.894905
3402.246094	-75.337463
3423.779297	-76.279808
3445.312500	-76.727013
3466.845703	-77.748817
3488.378906	-81.065445
3509.912109	-87.294044
3531.445313	-87.639870
3552.978516	-83.540138
3574.511719	-81.928864
3596.044922	-82.162804
3617.578125	-83.539154
3639.111328	-83.988701
3660.644531	-83.446220
3682.177734	-84.020195
3703.710938	-86.215134
3725.244141	-88.990982
3746.777344	-92.506546
3768.310547	-96.192604
3789.843750	-94.573479
3811.376953	-91.194092
3832.910156	-88.816048
3854.443359	-86.862617
3875.976563	-85.305145
3897.509766	-83.893349
3919.042969	-82.920059
3940.576172	-82.111183
3962.109375	-80.575615
3983.642578	-78.901817
4005.175781	-77.839828
4026.708984	-76.740524
4048.242188	-74.995850
4069.775391	-72.614845
4091.308594	-71.055222
4112.841797	-69.804329
4134.375000	-69.401222
4155.908203	-69.819511
4177.441406	-71.018394
4198.974609	-72.655624
4220.507813	-73.996437
4242.041016	-75.023987
4263.574219	-76.410904
4285.107422	-77.757629
4306.640625	-78.627487
4328.173828	-79.046310
4349.707031	-79.633049
4371.240234	-80.616478
4392.773438	-81.571449
4414.306641	-82.484970
4435.839844	-83.197105
4457.373047	-83.354492
4478.906250	-82.983482
4500.439453	-82.540016
4521.972656	-82.307281
4543.505859	-81.443718
4565.039063	-80.573776
4586.572266	-80.146759
4608.105469	-79.574707
4629.638672	-79.464439
4651.171875	-79.701881
4672.705078	-79.959862
4694.238281	-80.548447
4715.771484	-80.852676
4737.304688	-81.243431
4758.837891	-82.048004
4780.371094	-83.220268
4801.904297	-85.270874
4823.437500	-87.328957
4844.970703	-88.628220
4866.503906	-87.434059
4888.037109	-85.548241
4909.570313	-83.596535
4931.103516	-82.263077
4952.636719	-82.545891
4974.169922	-83.839371
4995.703125	-85.359512
5017.236328	-86.536308
5038.769531	-86.687546
5060.302734	-85.114723
5081.835938	-83.124908
5103.369141	-81.614586
5124.902344	-80.630646
5146.435547	-79.661430
5167.968750	-79.224045
5189.501953	-79.508888
5211.035156	-80.280624
5232.568359	-80.648636
5254.101563	-81.919197
5275.634766	-84.477188
5297.167969	-88.164825
5318.701172	-93.738983
5340.234375	-96.243652
5361.767578	-91.502342
5383.300781	-87.785011
5404.833984	-85.198326
5426.367188	-83.320686
5447.900391	-81.723312
5469.433594	-81.151337
5490.966797	-81.208481
5512.500000	-81.457672
5534.033203	-81.654343
5555.566406	-81.807167
5577.099609	-82.901169
5598.632813	-84.179039
5620.166016	-85.736176
5641.699219	-88.304108
5663.232422	-92.853569
5684.765625	-98.938599
5706.298828	-96.872589
5727.832031	-92.571297
5749.365234	-91.041000
5770.898438	-91.170784
5792.431641	-89.620026
5813.964844	-85.966606
5835.498047	-83.240379
5857.031250	-81.152199
5878.564453	-79.562859
5900.097656	-78.651642
5921.630859	-78.109634
5943.164063	-77.658928
5964.697266	-77.511101
5986.230469	-77.633102
6007.763672	-78.125580
6029.296875	-78.637039
6050.830078	-78.692825
6072.363281	-79.044151
6093.896484	-79.064629
6115.429688	-79.337799
6136.962891	-80.659058
6158.496094	-82.144768
6180.029297	-82.045784
6201.562500	-80.174301
6223.095703	-78.702911
6244.628906	-77.575363
6266.162109	-76.037201
6287.695313	-75.280342
6309.228516	-74.856606
6330.761719	-74.443878
6352.294922	-73.568535
6373.828125	-73.312286
6395.361328	-72.826202
6416.894531	-72.370232
6438.427734	-71.932083
6459.960938	-72.125748
6481.494141	-72.817841
6503.027344	-73.953285
6524.560547	-75.981544
6546.093750	-78.826653
6567.626953	-82.511368
6589.160156	-87.376053
6610.693359	-94.868500
6632.226563	-94.698730
6653.759766	-87.993279
6675.292969	-82.364700
6696.826172	-78.248825
6718.359375	-75.977364
6739.892578	-74.511322
6761.425781	-73.096092
6782.958984	-72.777618
6804.492188	-72.399429
6826.025391	-72.793526
6847.558594	-73.349937
6869.091797	-73.394142
6890.625000	-74.010689
6912.158203	-74.251404
6933.691406	-74.179253
6955.224609	-74.356102
6976.757813	-74.957855
6998.291016	-74.906151
7019.824219	-74.745499
7041.357422	-74.294098
7062.890625	-73.847115
7084.423828	-73.358963
7105.957031	-72.945412
7127.490234	-72.778542
7149.023438	-72.908470
7170.556641	-72.911537
7192.089844	-72.173950
7213.623047	-72.171844
7235.156250	-72.451904
7256.689453	-72.640770
7278.222656	-72.347412
7299.755859	-72.301445
7321.289063	-72.567032
7342.822266	-72.439293
7364.355469	-72.874702
7385.888672	-73.522888
7407.421875	-73.760262
7428.955078	-74.194054
7450.488281	-74.833038
7472.021484	-75.644119
7493.554688	-76.468216
7515.087891	-77.522919
7536.621094	-78.524147
7558.154297	-79.580635
7579.687500	-80.918182
7601.220703	-82.835327
7622.753906	-84.102989
7644.287109	-85.812988
7665.820313	-87.231476
7687.353516	-88.329704
7708.886719	-89.062668
7730.419922	-90.262817
7751.953125	-91.485413
7773.486328	-92.318535
7795.019531	-93.759933
7816.552734	-94.291817
7838.085938	-93.859497
7859.619141	-93.215797
7881.152344	-92.352280
7902.685547	-91.734123
7924.218750	-91.596565
7945.751953	-91.809959
7967.285156	-92.317863
7988.818359	-93.420944
8010.351563	-94.694977
8031.884766	-96.210075
8053.417969	-96.714638
8074.951172	-96.372971
8096.484375	-96.008644
8118.017578	-95.521675
8139.550781	-95.050591
8161.083984	-95.145317
8182.617188	-95.232925
8204.150391	-95.041809
8225.683594	-94.272224
8247.216797	-93.592743
8268.750000	-93.002434
8290.283203	-91.924675
8311.816406	-91.115967
8333.349609	-90.558449
8354.882813	-89.764999
8376.416016	-89.322693
8397.949219	-88.749596
8419.482422	-88.601570
8441.015625	-88.629379
8462.548828	-88.530022
8484.082031	-88.688789
8505.615234	-89.072044
8527.148438	-88.603500
8548.681641	-89.216949
8570.214844	-89.593407
8591.748047	-89.377571
8613.281250	-89.650398
8634.814453	-89.878593
8656.347656	-89.755363
8677.880859	-89.067268
8699.414063	-88.712669
8720.947266	-88.031990
8742.480469	-88.004051
8764.013672	-87.412224
8785.546875	-86.785751
8807.080078	-86.952240
8828.613281	-87.062302
8850.146484	-86.841644
8871.679688	-87.203278
8893.212891	-87.524918
8914.746094	-87.759331
8936.279297	-87.905678
8957.812500	-88.092224
8979.345703	-88.310776
9000.878906	-88.120583
9022.412109	-88.361099
9043.945313	-88.457672
9065.478516	-88.717300
9087.011719	-89.344002
9108.544922	-90.119728
9130.078125	-90.501106
9151.611328	-91.240646
9173.144531	-92.199142
9194.677734	-93.481476
9216.210938	-96.120888
9237.744141	-99.140785
9259.277344	-101.350014
9280.810547	-98.170883
9302.343750	-94.422966
9323.876953	-91.172554
9345.410156	-88.732910
9366.943359	-87.394852
9388.476563	-86.304543
9410.009766	-85.752304
9431.542969	-85.910759
9453.076172	-85.998695
9474.609375	-86.344124
9496.142578	-86.755440
9517.675781	-87.177773
9539.208984	-87.731796
9560.742188	-88.588020
9582.275391	-89.674377
9603.808594	-89.587776
9625.341797	-89.699394
9646.875000	-88.964973
9668.408203	-88.035576
9689.941406	-87.602295
9711.474609	-87.466339
9733.007813	-86.786751
9754.541016	-86.253220
9776.074219	-85.984840
9797.607422	-85.324127
9819.140625	-85.172447
9840.673828	-85.273994
9862.207031	-85.925491
9883.740234	-86.573235
9905.273438	-87.046806
9926.806641	-86.902237
9948.339844	-86.561447
9969.873047	-87.044830
9991.406250	-87.206543
10012.939453	-87.157959
10034.472656	-86.745743
10056.005859	-86.588554
10077.539063	-86.877464
10099.072266	-87.124565
10120.605469	-86.918152
10142.138672	-86.631950
10163.671875	-87.044189
10185.205078	-87.879082
10206.738281	-87.788292
10228.271484	-88.505661
10249.804688	-89.001328
10271.337891	-89.299942
10292.871094	-89.781860
10314.404297	-89.772995
10335.937500	-90.498878
10357.470703	-90.839272
10379.003906	-90.860695
10400.537109	-90.556503
10422.070313	-90.236122
10443.603516	-90.014229
10465.136719	-89.923653
10486.669922	-89.726547
10508.203125	-90.154022
10529.736328	-90.558380
10551.269531	-90.548576
10572.802734	-91.198532
10594.335938	-91.916153
10615.869141	-92.532784
10637.402344	-92.990021
10658.935547	-93.651588
10680.468750	-93.708183
10702.001953	-92.734718
10723.535156	-91.336922
10745.068359	-90.264046
10766.601563	-89.231239
10788.134766	-88.130417
10809.667969	-87.866768
10831.201172	-87.218338
10852.734375	-86.642563
10874.267578	-86.710503
10895.800781	-86.294540
10917.333984	-86.070213
10938.867188	-86.272797
10960.400391	-86.505463
10981.933594	-87.138893
11003.466797	-86.836418
11025.000000	-86.771202
11046.533203	-87.117424
11068.066406	-87.699463
11089.599609	-88.182343
11111.132813	-88.958481
11132.666016	-89.134262
11154.199219	-89.572731
11175.732422	-90.086693
11197.265625	-90.756325
11218.798828	-90.345291
11240.332031	-90.082397
11261.865234	-90.481483
11283.398438	-90.199669
11304.931641	-89.477493
11326.464844	-89.013405
11347.998047	-88.351662
11369.531250	-87.806595
11391.064453	-87.210609
11412.597656	-86.757668
11434.130859	-86.686211
11455.664063	-86.186562
11477.197266	-85.714790
11498.730469	-85.179832
11520.263672	-84.954994
11541.796875	-84.563934
11563.330078	-84.153961
11584.863281	-84.294022
11606.396484	-83.836960
11627.929688	-83.511475
11649.462891	-83.630783
11670.996094	-83.766960
11692.529297	-84.130554
11714.062500	-84.682510
11735.595703	-85.424934
11757.128906	-85.796906
11778.662109	-86.253944
11800.195313	-86.833420
11821.728516	-87.158905
11843.261719	-87.458191
11864.794922	-87.546402
11886.328125	-88.061203
11907.861328	-87.781624
11929.394531	-87.532089
11950.927734	-87.297577
11972.460938	-87.024147
11993.994141	-86.611923
12015.527344	-86.412720
12037.060547	-85.735687
12058.593750	-85.378357
12080.126953	-85.774757
12101.660156	-85.388420
12123.193359	-85.102982
12144.726563	-85.264450
12166.259766	-84.953552
12187.792969	-85.164047
12209.326172	-85.228317
12230.859375	-85.542061
12252.392578	-86.065918
12273.925781	-86.924896
12295.458984	-87.744965
12316.992188	-88.537239
12338.525391	-89.022842
12360.058594	-89.372856
12381.591797	-89.375687
12403.125000	-88.698730
12424.658203	-87.854538
12446.191406	-87.053581
12467.724609	-86.141129
12489.257813	-85.108597
12510.791016	-84.503319
12532.324219	-84.559029
12553.857422	-84.144287
12575.390625	-83.473267
12596.923828	-83.082397
12618.457031	-82.723389
12639.990234	-82.361320
12661.523438	-81.994003
12683.056641	-81.351082
12704.589844	-80.980843
12726.123047	-81.156189
12747.656250	-81.059868
12769.189453	-81.088142
12790.722656	-81.243591
12812.255859	-81.184082
12833.789063	-81.442375
12855.322266	-81.439674
12876.855469	-81.251678
12898.388672	-81.277435
12919.921875	-81.212700
12941.455078	-81.032951
12962.988281	-80.449707
12984.521484	-80.112732
13006.054688	-79.751625
13027.587891	-79.353714
13049.121094	-78.617546
13070.654297	-77.927597
13092.187500	-77.536644
13113.720703	-77.159119
13135.253906	-76.716263
13156.787109	-76.104530
13178.320313	-75.839241
13199.853516	-75.285492
13221.386719	-75.117264
13242.919922	-75.163994
13264.453125	-74.944107
13285.986328	-75.184456
13307.519531	-75.713974
13329.052734	-75.954987
13350.585938	-76.312981
13372.119141	-76.802452
13393.652344	-77.061783
13415.185547	-77.473412
13436.718750	-77.969444
13458.251953	-78.647560
13479.785156	-79.255943
13501.318359	-79.376648
13522.851563	-80.033401
13544.384766	-81.011703
13565.917969	-81.237839
13587.451172	-81.521210
13608.984375	-82.219894
13630.517578	-83.344460
13652.050781	-84.097122
13673.583984	-84.950691
13695.117188	-85.989540
13716.650391	-86.946106
13738.183594	-87.414124
13759.716797	-88.222496
13781.250000	-88.911064
13802.783203	-89.080032
13824.316406	-88.802574
13845.849609	-88.196739
13867.382813	-87.531860
13888.916016	-86.571808
13910.449219	-86.084747
13931.982422	-85.329056
13953.515625	-84.253517
13975.048828	-83.629936
13996.582031	-83.057693
14018.115234	-82.274666
14039.648438	-81.504700
14061.181641	-81.285789
14082.714844	-80.937881
14104.248047	-80.491425
14125.781250	-80.212967
14147.314453	-79.648338
14168.847656	-79.096634
14190.380859	-78.990784
14211.914063	-78.804207
14233.447266	-78.201118
14254.980469	-77.802170
14276.513672	-78.116371
14298.046875	-78.514557
14319.580078	-78.182770
14341.113281	-78.179771
14362.646484	-78.203987
14384.179688	-77.691147
14405.712891	-77.860893
14427.246094	-78.082184
14448.779297	-77.729034
14470.312500	-77.476189
14491.845703	-77.828049
14513.378906	-77.727859
14534.912109	-77.652245
14556.445313	-77.074120
14577.978516	-77.284096
14599.511719	-77.505325
14621.044922	-77.586960
14642.578125	-77.828308
14664.111328	-78.125504
14685.644531	-78.062317
14707.177734	-77.670380
14728.710938	-77.903633
14750.244141	-77.907082
14771.777344	-78.319664
14793.310547	-78.399025
14814.843750	-78.560379
14836.376953	-78.705452
14857.910156	-78.479637
14879.443359	-78.400108
14900.976563	-78.700195
14922.509766	-79.108269
14944.042969	-78.766731
14965.576172	-78.787453
14987.109375	-78.686531
15008.642578	-78.806519
15030.175781	-79.144135
15051.708984	-79.148788
15073.242188	-79.444908
15094.775391	-79.366638
15116.308594	-79.345161
15137.841797	-79.900833
15159.375000	-80.542503
15180.908203	-80.738121
15202.441406	-81.198555
15223.974609	-81.878654
15245.507813	-82.413345
15267.041016	-83.402344
15288.574219	-84.453423
15310.107422	-85.219925
15331.640625	-86.342323
15353.173828	-87.622162
15374.707031	-88.573730
15396.240234	-89.692207
15417.773438	-91.159676
15439.306641	-92.996666
15460.839844	-94.991852
15482.373047	-97.225777
15503.906250	-98.413383
15525.439453	-98.348755
15546.972656	-96.725273
15568.505859	-95.161713
15590.039063	-93.536942
15611.572266	-92.052895
15633.105469	-91.057465
15654.638672	-90.193390
15676.171875	-89.704407
15697.705078	-88.828247
15719.238281	-88.398247
15740.771484	-87.611656
15762.304688	-87.431526
15783.837891	-87.321114
15805.371094	-87.138504
15826.904297	-86.625031
15848.437500	-86.271904
15869.970703	-86.575859
15891.503906	-86.485367
15913.037109	-86.646629
15934.570313	-86.534012
15956.103516	-86.482147
15977.636719	-86.684433
15999.169922	-86.978104
16020.703125	-87.058022
16042.236328	-87.480698
16063.769531	-87.932892
16085.302734	-88.445236
16106.835938	-88.523354
16128.369141	-88.980972
16149.902344	-89.523506
16171.435547	-89.985771
16192.968750	-90.527107
16214.501953	-91.504082
16236.035156	-92.434212
16257.568359	-92.751884
16279.101563	-93.306213
16300.634766	-94.130409
16322.167969	-94.566208
16343.701172	-94.275284
16365.234375	-94.000763
16386.767578	-93.372047
16408.300781	-93.000526
16429.833984	-92.620483
16451.367188	-91.506050
16472.900391	-91.121010
16494.433594	-91.198830
16515.966797	-90.974983
16537.500000	-90.752693
16559.033203	-90.500732
16580.566406	-91.115013
16602.099609	-91.069847
16623.632813	-90.728119
16645.166016	-90.561981
16666.699219	-90.780182
16688.232422	-91.083199
16709.765625	-91.182755
16731.298828	-91.862122
16752.832031	-91.616730
16774.365234	-91.552933
16795.898438	-92.005928
16817.431641	-92.227844
16838.964844	-92.477310
16860.498047	-92.375870
16882.031250	-92.701981
16903.564453	-93.396751
16925.097656	-94.197632
16946.630859	-94.035782
16968.164063	-94.010475
16989.697266	-94.527267
17011.230469	-94.910027
17032.763672	-94.881516
17054.296875	-95.507385
17075.830078	-96.235802
17097.363281	-96.274529
17118.896484	-96.755890
17140.429688	-97.056969
17161.962891	-96.790558
17183.496094	-97.704193
17205.029297	-98.233162
17226.562500	-98.563156
17248.095703	-98.570282
17269.628906	-98.760124
17291.162109	-99.165794
17312.695313	-98.717926
17334.228516	-98.891426
17355.761719	-97.676865
17377.294922	-98.027695
17398.828125	-98.124252
17420.361328	-98.153473
17441.894531	-97.738609
17463.427734	-97.367439
17484.960938	-97.721771
17506.494141	-97.821526
17528.027344	-97.919296
17549.560547	-97.015022
17571.093750	-96.983032
17592.626953	-97.348022
17614.160156	-97.768394
17635.693359	-97.857399
17657.226563	-96.938423
17678.759766	-97.144562
17700.292969	-97.580017
17721.826172	-97.576553
17743.359375	-97.299522
17764.892578	-97.011337
17786.425781	-97.125008
17807.958984	-97.390945
17829.492188	-97.648529
17851.025391	-96.751282
17872.558594	-96.650139
17894.091797	-96.852219
17915.625000	-96.766335
17937.158203	-96.328804
17958.691406	-95.718704
17980.224609	-92.745605
18001.757813	-94.349991
18023.291016	-97.473129
18044.824219	-97.401093
18066.357422	-97.344002
18087.890625	-97.765106
18109.423828	-97.650963
18130.957031	-97.559479
18152.490234	-96.644203
18174.023438	-97.510506
18195.556641	-98.451797
18217.089844	-98.821281
18238.623047	-98.473526
18260.156250	-97.588081
18281.689453	-98.541840
18303.222656	-98.650848
18324.755859	-98.899040
18346.289063	-98.427879
18367.822266	-98.137184
18389.355469	-98.243675
18410.888672	-98.455185
18432.421875	-98.336319
18453.955078	-97.386345
18475.488281	-97.995819
18497.021484	-98.196259
18518.554688	-98.450623
18540.087891	-98.378662
18561.621094	-97.759529
18583.154297	-98.529228
18604.687500	-98.359230
18626.220703	-98.675453
18647.753906	-98.094749
18669.287109	-97.883698
18690.820313	-98.450500
18712.353516	-98.360313
18733.886719	-98.388199
18755.419922	-96.942528
18776.953125	-97.802986
18798.486328	-98.277985
18820.019531	-98.101700
18841.552734	-97.698471
18863.085938	-97.525055
18884.619141	-98.080620
18906.152344	-98.162926
18927.685547	-98.388710
18949.218750	-97.065926
18970.751953	-97.086014
18992.285156	-97.839310
19013.818359	-97.636070
19035.351563	-97.806778
19056.884766	-97.278732
19078.417969	-97.814781
19099.951172	-97.736954
19121.484375	-97.839706
19143.017578	-97.273666
19164.550781	-96.752449
19186.083984	-97.840446
19207.617188	-97.947876
19229.150391	-97.818367
19250.683594	-96.331665
19272.216797	-96.792099
19293.750000	-97.638138
19315.283203	-97.899307
19336.816406	-97.855484
19358.349609	-96.912659
19379.882813	-96.819473
19401.416016	-95.964142
19422.949219	-97.537506
19444.482422	-96.958893
19466.015625	-96.224518
19487.548828	-96.617264
19509.082031	-96.698059
19530.615234	-97.877884
19552.148438	-97.129669
19573.681641	-97.226219
19595.214844	-97.368637
19616.748047	-97.385765
19638.281250	-97.646538
19659.814453	-97.345825
19681.347656	-97.002121
19702.880859	-95.953682
19724.414063	-97.075500
19745.947266	-96.927933
19767.480469	-96.881096
19789.013672	-97.193481
19810.546875	-96.892426
19832.080078	-97.534668
19853.613281	-97.149551
19875.146484	-97.623863
19896.679688	-97.284775
19918.212891	-97.306206
19939.746094	-97.256142
19961.279297	-96.349228
19982.812500	-97.255104
20004.345703	-97.138809
20025.878906	-97.729439
20047.412109	-97.433182
20068.945313	-97.459747
20090.478516	-97.582474
20112.011719	-97.568008
20133.544922	-97.808990
20155.078125	-97.751396
20176.611328	-97.995636
20198.144531	-97.715141
20219.677734	-97.849281
20241.210938	-98.142799
20262.744141	-97.850609
20284.277344	-98.142532
20305.810547	-97.838203
20327.343750	-98.342735
20348.876953	-98.349785
20370.410156	-98.634575
20391.943359	-98.418945
20413.476563	-97.713852
20435.009766	-98.476082
20456.542969	-98.204384
20478.076172	-98.662910
20499.609375	-98.724159
20521.142578	-98.511185
20542.675781	-98.576790
20564.208984	-98.604874
20585.742188	-98.718292
20607.275391	-99.078285
20628.808594	-98.895172
20650.341797	-98.904808
20671.875000	-99.026917
20693.408203	-99.229851
20714.941406	-99.298134
20736.474609	-99.112381
20758.007813	-98.648697
20779.541016	-99.275726
20801.074219	-99.728241
20822.607422	-99.559998
20844.140625	-99.527000
20865.673828	-99.820343
20887.207031	-100.111992
20908.740234	-100.025993
20930.273438	-100.068054
20951.806641	-100.112427
20973.339844	-100.464027
20994.873047	-100.278580
21016.406250	-100.762650
21037.939453	-101.187538
21059.472656	-101.067093
21081.005859	-101.529335
21102.539063	-101.347450
21124.072266	-101.253181
21145.605469	-101.461548
21167.138672	-101.527328
21188.671875	-101.674072
21210.205078	-101.856941
21231.738281	-102.375320
21253.271484	-101.989655
21274.804688	-101.938583
21296.337891	-102.095436
21317.871094	-101.839180
21339.404297	-102.121468
21360.937500	-102.104454
21382.470703	-102.075363
21404.003906	-102.056297
21425.537109	-102.099571
21447.070313	-102.289375
21468.603516	-101.934944
21490.136719	-101.861588
21511.669922	-102.177719
21533.203125	-102.006432
21554.736328	-102.397728
21576.269531	-102.671906
21597.802734	-102.195412
21619.335938	-101.800667
21640.869141	-102.002922
21662.402344	-102.245094
21683.935547	-102.229881
21705.468750	-102.252739
21727.001953	-102.171722
21748.535156	-102.172745
21770.068359	-102.215935
21791.601563	-102.308746
21813.134766	-102.320930
21834.667969	-102.550606
21856.201172	-102.365768
21877.734375	-102.407249
21899.267578	-102.551399
21920.800781	-102.299828
21942.333984	-102.078796
21963.867188	-102.138023
21985.400391	-102.110336
22006.933594	-102.225716
22028.466797	-102.414627
