Frequency (Hz)	Level (dB)
21.533203	-58.081783
43.066406	-47.589241
64.599609	-49.639267
86.132812	-64.130409
107.666016	-64.606285
129.199219	-69.709351
150.732422	-73.783554
172.265625	-76.754829
193.798828	-75.788605
215.332031	-75.620018
236.865234	-75.894394
258.398438	-79.518372
279.931641	-76.091797
301.464844	-71.820290
322.998047	-76.609146
344.531250	-71.155800
366.064453	-73.616508
387.597656	-78.586021
409.130859	-78.988312
430.664062	-78.390221
452.197266	-73.342766
473.730469	-76.379463
495.263672	-77.357315
516.796875	-79.530251
538.330078	-81.705116
559.863281	-82.440483
581.396484	-89.480209
602.929688	-88.524239
624.462891	-84.275269
645.996094	-76.051445
667.529297	-79.472298
689.062500	-91.727325
710.595703	-92.040123
732.128906	-86.272102
753.662109	-82.394402
775.195312	-88.563797
796.728516	-85.075134
818.261719	-88.513390
839.794922	-87.692787
861.328125	-87.302826
882.861328	-89.564796
904.394531	-84.883659
925.927734	-80.679077
947.460938	-74.802574
968.994141	-78.658371
990.527344	-84.051071
1012.060547	-84.601204
1033.593750	-88.360924
1055.126953	-87.002525
1076.660156	-93.437370
1098.193359	-94.196724
1119.726562	-94.993652
1141.259766	-88.795807
1162.792969	-88.578590
1184.326172	-89.587280
1205.859375	-88.760788
1227.392578	-87.418678
1248.925781	-82.515053
1270.458984	-87.188080
1291.992188	-91.712334
1313.525391	-93.066277
1335.058594	-91.980293
1356.591797	-89.546333
1378.125000	-96.904472
1399.658203	-96.103920
1421.191406	-99.793808
1442.724609	-95.515038
1464.257812	-92.698692
1485.791016	-89.340256
1507.324219	-87.063568
1528.857422	-85.643410
1550.390625	-84.924255
1571.923828	-86.875984
1593.457031	-89.481728
1614.990234	-90.941658
1636.523438	-90.371498
1658.056641	-90.198059
1679.589844	-92.439354
1701.123047	-91.199432
1722.656250	-91.799217
1744.189453	-86.767021
1765.722656	-88.752983
1787.255859	-94.192299
1808.789062	-93.747559
1830.322266	-95.124657
1851.855469	-91.510849
1873.388672	-87.053963
1894.921875	-84.507950
1916.455078	-84.539932
1937.988281	-85.298508
1959.521484	-85.306847
1981.054688	-85.567802
2002.587891	-85.556839
2024.121094	-86.503983
2045.654297	-85.393059
2067.187500	-83.770042
2088.720703	-83.691757
2110.253906	-81.112686
2131.787109	-75.613113
2153.320312	-72.296913
2174.853516	-70.089973
2196.386719	-68.661095
2217.919922	-67.526718
2239.453125	-67.272133
2260.986328	-68.038551
2282.519531	-69.827660
2304.052734	-72.963570
2325.585938	-76.866829
2347.119141	-81.922119
2368.652344	-89.565918
2390.185547	-94.282997
2411.718750	-89.843506
2433.251953	-87.340370
2454.785156	-86.912720
2476.318359	-87.852837
2497.851562	-88.683960
2519.384766	-89.947304
2540.917969	-91.312195
2562.451172	-92.606354
2583.984375	-93.625252
2605.517578	-95.485672
2627.050781	-98.968330
2648.583984	-100.612183
2670.117188	-97.726242
2691.650391	-94.682915
2713.183594	-91.968330
2734.716797	-88.935707
2756.250000	-87.312813
2777.783203	-86.548180
2799.316406	-86.400421
2820.849609	-86.825043
2842.382812	-87.129593
2863.916016	-87.307632
2885.449219	-87.144394
2906.982422	-86.076584
2928.515625	-85.118454
2950.048828	-84.409828
2971.582031	-82.882462
2993.115234	-81.553032
3014.648438	-81.075722
3036.181641	-80.075012
3057.714844	-79.051643
3079.248047	-79.564499
3100.781250	-80.049721
3122.314453	-81.307198
3143.847656	-83.002167
3165.380859	-84.357475
3186.914062	-84.449799
3208.447266	-82.264442
3229.980469	-80.036896
3251.513672	-78.618584
3273.046875	-78.406708
3294.580078	-78.065407
3316.113281	-77.328178
3337.646484	-77.461922
3359.179688	-78.211601
3380.712891	-79.490868
3402.246094	-80.491730
3423.779297	-81.609879
3445.312500	-82.704781
3466.845703	-83.670433
3488.378906	-84.294563
3509.912109	-84.539459
3531.445312	-85.394943
3552.978516	-86.533676
3574.511719	-87.793243
3596.044922	-88.496567
3617.578125	-88.588081
3639.111328	-88.039726
3660.644531	-86.623260
3682.177734	-85.960152
3703.710938	-85.862297
3725.244141	-85.456505
3746.777344	-84.855972
3768.310547	-85.286972
3789.843750	-86.367226
3811.376953	-87.511879
3832.910156	-88.801041
3854.443359	-88.549385
3875.976562	-87.073975
3897.509766	-85.565285
3919.042969	-84.386093
3940.576172	-83.846344
3962.109375	-83.392853
3983.642578	-82.542664
4005.175781	-82.018593
4026.708984	-81.295845
4048.242188	-80.312469
4069.775391	-79.162865
4091.308594	-78.887291
4112.841797	-78.725906
4134.375000	-78.459137
4155.908203	-77.708557
4177.441406	-76.856544
4198.974609	-76.010643
4220.507812	-75.176834
4242.041016	-74.636505
4263.574219	-74.887627
4285.107422	-75.528648
4306.640625	-76.362549
4328.173828	-77.125420
4349.707031	-77.288971
4371.240234	-76.527481
4392.773438	-75.498390
4414.306641	-75.032120
4435.839844	-74.587753
4457.373047	-73.648682
4478.906250	-72.560036
4500.439453	-71.973412
4521.972656	-72.158104
4543.505859	-72.052559
4565.039062	-71.827583
4586.572266	-72.010162
4608.105469	-71.816269
4629.638672	-71.934113
4651.171875	-72.397209
4672.705078	-72.966644
4694.238281	-73.626320
4715.771484	-73.984871
4737.304688	-74.312820
4758.837891	-74.713509
4780.371094	-75.093437
4801.904297	-75.676926
4823.437500	-76.309921
4844.970703	-77.530838
4866.503906	-78.313599
4888.037109	-79.190933
4909.570312	-78.835739
4931.103516	-77.973091
4952.636719	-77.768433
4974.169922	-77.829643
4995.703125	-77.365128
5017.236328	-77.095108
5038.769531	-77.121941
5060.302734	-77.229004
5081.835938	-77.149818
5103.369141	-77.134125
5124.902344	-77.581406
5146.435547	-77.982353
5167.968750	-78.681053
5189.501953	-79.578026
5211.035156	-80.248016
5232.568359	-79.599487
5254.101562	-79.161362
5275.634766	-79.057915
5297.167969	-78.717804
5318.701172	-78.748222
5340.234375	-78.797913
5361.767578	-79.258469
5383.300781	-80.288231
5404.833984	-82.636040
5426.367188	-87.152985
5447.900391	-92.705193
5469.433594	-90.892693
5490.966797	-86.861130
5512.500000	-83.967049
5534.033203	-81.606522
5555.566406	-79.966194
5577.099609	-80.012566
5598.632812	-80.620308
5620.166016	-81.551361
5641.699219	-82.850937
5663.232422	-84.302376
5684.765625	-84.376884
5706.298828	-83.508301
5727.832031	-82.438866
5749.365234	-81.795746
5770.898438	-81.251305
5792.431641	-80.718353
5813.964844	-80.854988
5835.498047	-81.167656
5857.031250	-81.836090
5878.564453	-82.665466
5900.097656	-84.132408
5921.630859	-86.205643
5943.164062	-88.327286
5964.697266	-91.149063
5986.230469	-94.555367
6007.763672	-98.293938
6029.296875	-99.200310
6050.830078	-94.466957
6072.363281	-90.260666
6093.896484	-86.725220
6115.429688	-84.096535
6136.962891	-82.640160
6158.496094	-82.107330
6180.029297	-82.483536
6201.562500	-83.433701
6223.095703	-84.078011
6244.628906	-83.347084
6266.162109	-81.242348
6287.695312	-79.724106
6309.228516	-78.609497
6330.761719	-77.909187
6352.294922	-77.140648
6373.828125	-77.206009
6395.361328	-77.325417
6416.894531	-77.596748
6438.427734	-77.963417
6459.960938	-78.873260
6481.494141	-79.915474
6503.027344	-80.517563
6524.560547	-80.744987
6546.093750	-79.939560
6567.626953	-78.596077
6589.160156	-77.379738
6610.693359	-76.569542
6632.226562	-76.211983
6653.759766	-76.169197
6675.292969	-76.370865
6696.826172	-75.940727
6718.359375	-76.143600
6739.892578	-76.867630
6761.425781	-77.331299
6782.958984	-78.451790
6804.492188	-79.304649
6826.025391	-80.614845
6847.558594	-82.169472
6869.091797	-83.256844
6890.625000	-85.063629
6912.158203	-86.583427
6933.691406	-87.974228
6955.224609	-89.444031
6976.757812	-91.600212
6998.291016	-93.094742
7019.824219	-94.498901
7041.357422	-95.284241
7062.890625	-96.276253
7084.423828	-98.097221
7105.957031	-99.084373
7127.490234	-98.947792
7149.023438	-96.476852
7170.556641	-94.481598
7192.089844	-92.363632
7213.623047	-90.829399
7235.156250	-89.687874
7256.689453	-88.337883
7278.222656	-86.487877
7299.755859	-85.186722
7321.289062	-84.178146
7342.822266	-82.803574
7364.355469	-82.314110
7385.888672	-82.151482
7407.421875	-81.714630
7428.955078	-81.631714
7450.488281	-81.972214
7472.021484	-82.731773
7493.554688	-83.663925
7515.087891	-84.767532
7536.621094	-85.601547
7558.154297	-86.283463
7579.687500	-87.336174
7601.220703	-88.819290
7622.753906	-89.597961
7644.287109	-90.735443
7665.820312	-91.780586
7687.353516	-92.939507
7708.886719	-93.564110
7730.419922	-94.182747
7751.953125	-94.494644
7773.486328	-94.713486
7795.019531	-95.876228
7816.552734	-96.532928
7838.085938	-96.780685
7859.619141	-97.053543
7881.152344	-97.336479
7902.685547	-97.299362
7924.218750	-97.234657
7945.751953	-97.106735
7967.285156	-97.378769
7988.818359	-97.842316
8010.351562	-98.410049
8031.884766	-98.904030
8053.417969	-98.366951
8074.951172	-98.230431
8096.484375	-97.923737
8118.017578	-97.611946
8139.550781	-96.757820
8161.083984	-96.255913
8182.617188	-96.329132
8204.150391	-96.168930
8225.683594	-95.591522
8247.216797	-94.863853
8268.750000	-94.406250
8290.283203	-93.445488
8311.816406	-92.785965
8333.349609	-92.216499
8354.882812	-91.402946
8376.416016	-91.685791
8397.949219	-91.451759
8419.482422	-91.646095
8441.015625	-92.219246
8462.548828	-92.885941
8484.082031	-94.501892
8505.615234	-96.458145
8527.148438	-97.492607
8548.681641	-98.119446
8570.214844	-97.146378
8591.748047	-94.201859
8613.281250	-91.901520
8634.814453	-89.830002
8656.347656	-87.914948
8677.880859	-86.143303
8699.414062	-85.147118
8720.947266	-84.162132
8742.480469	-83.988655
8764.013672	-83.264282
8785.546875	-82.517685
8807.080078	-82.476227
8828.613281	-82.357483
8850.146484	-81.926338
8871.679688	-82.065376
8893.212891	-82.083153
8914.746094	-81.895943
8936.279297	-81.558769
8957.812500	-81.226562
8979.345703	-80.918343
9000.878906	-80.218048
9022.412109	-80.090675
9043.945312	-79.950195
9065.478516	-79.971413
9087.011719	-80.461922
9108.544922	-81.213608
9130.078125	-81.591492
9151.611328	-82.040688
9173.144531	-82.529961
9194.677734	-82.900589
9216.210938	-83.691902
9237.744141	-83.926331
9259.277344	-84.042053
9280.810547	-83.693954
9302.343750	-84.297104
9323.876953	-84.714340
9345.410156	-84.760788
9366.943359	-85.440079
9388.476562	-85.996910
9410.009766	-86.631798
9431.542969	-87.666534
9453.076172	-88.185577
9474.609375	-89.268143
9496.142578	-90.302757
9517.675781	-91.217674
9539.208984	-92.310776
9560.742188	-93.743248
9582.275391	-95.679642
9603.808594	-96.522697
9625.341797	-97.394989
9646.875000	-97.345467
9668.408203	-96.894768
9689.941406	-96.278992
9711.474609	-95.704956
9733.007812	-94.544998
9754.541016	-93.073975
9776.074219	-92.707634
9797.607422	-91.704170
9819.140625	-91.163254
9840.673828	-90.755714
9862.207031	-91.021812
9883.740234	-91.741386
9905.273438	-92.157616
9926.806641	-92.240295
9948.339844	-92.014069
9969.873047	-92.514099
9991.406250	-93.085251
10012.939453	-93.397224
10034.472656	-93.813164
10056.005859	-93.678696
10077.539062	-93.822479
10099.072266	-94.076675
10120.605469	-93.770355
10142.138672	-92.998009
10163.671875	-93.007195
10185.205078	-93.907661
10206.738281	-93.688393
10228.271484	-94.157372
10249.804688	-94.311676
10271.337891	-94.947563
10292.871094	-96.120598
10314.404297	-96.601273
10335.937500	-97.750061
10357.470703	-98.040794
10379.003906	-97.724815
10400.537109	-96.326889
10422.070312	-94.653580
10443.603516	-92.993271
10465.136719	-91.902611
10486.669922	-90.936401
10508.203125	-90.554504
10529.736328	-90.297729
10551.269531	-89.840919
10572.802734	-90.212318
10594.335938	-90.679443
10615.869141	-91.159126
10637.402344	-91.556458
10658.935547	-92.329994
10680.468750	-93.479187
10702.001953	-93.825043
10723.535156	-93.742279
10745.068359	-93.710335
10766.601562	-94.187912
10788.134766	-94.752083
10809.667969	-95.492325
10831.201172	-96.055695
10852.734375	-96.316742
10874.267578	-97.268440
10895.800781	-97.417152
10917.333984	-97.226967
10938.867188	-96.482216
10960.400391	-95.539200
10981.933594	-95.770233
11003.466797	-94.406120
11025.000000	-93.239502
11046.533203	-92.324265
11068.066406	-91.848114
11089.599609	-91.403946
11111.132812	-90.985939
11132.666016	-90.040428
11154.199219	-89.404709
11175.732422	-88.947632
11197.265625	-88.612877
11218.798828	-87.534554
11240.332031	-86.881630
11261.865234	-87.010002
11283.398438	-86.864418
11304.931641	-86.481247
11326.464844	-86.580490
11347.998047	-86.531357
11369.531250	-86.773277
11391.064453	-87.218292
11412.597656	-87.662933
11434.130859	-88.252831
11455.664062	-88.123672
11477.197266	-87.871857
11498.730469	-87.329689
11520.263672	-86.659546
11541.796875	-85.759674
11563.330078	-85.011284
11584.863281	-84.929291
11606.396484	-84.191925
11627.929688	-83.696999
11649.462891	-83.669823
11670.996094	-83.583160
11692.529297	-83.717583
11714.062500	-84.060837
11735.595703	-84.675453
11757.128906	-85.115730
11778.662109	-85.908836
11800.195312	-86.849449
11821.728516	-87.334465
11843.261719	-87.795143
11864.794922	-88.111893
11886.328125	-88.913696
11907.861328	-88.753029
11929.394531	-88.790497
11950.927734	-89.209839
11972.460938	-89.666504
11993.994141	-89.538231
12015.527344	-89.258095
12037.060547	-87.849571
12058.593750	-86.415405
12080.126953	-85.741684
12101.660156	-84.455956
12123.193359	-83.543945
12144.726562	-83.186935
12166.259766	-82.537613
12187.792969	-82.450195
12209.326172	-82.206612
12230.859375	-82.135078
12252.392578	-82.152969
12273.925781	-82.319794
12295.458984	-82.447662
12316.992188	-82.410995
12338.525391	-82.376251
12360.058594	-82.663055
12381.591797	-83.222961
12403.125000	-83.238007
12424.658203	-83.283676
12446.191406	-83.526909
12467.724609	-83.752190
12489.257812	-83.866531
12510.791016	-84.297173
12532.324219	-85.360947
12553.857422	-85.899391
12575.390625	-86.101562
12596.923828	-86.406410
12618.457031	-86.446960
12639.990234	-86.193199
12661.523438	-85.715630
12683.056641	-84.994995
12704.589844	-84.374809
12726.123047	-84.145523
12747.656250	-83.517311
12769.189453	-83.026672
12790.722656	-82.739731
12812.255859	-82.261574
12833.789062	-82.132942
12855.322266	-81.882370
12876.855469	-81.657875
12898.388672	-81.723854
12919.921875	-81.915474
12941.455078	-82.101685
12962.988281	-81.923050
12984.521484	-82.214195
13006.054688	-82.530655
13027.587891	-82.868713
13049.121094	-82.942497
13070.654297	-83.051170
13092.187500	-83.520180
13113.720703	-84.016022
13135.253906	-84.420753
13156.787109	-84.628098
13178.320312	-85.191307
13199.853516	-85.432655
13221.386719	-85.849648
13242.919922	-86.438293
13264.453125	-86.779335
13285.986328	-87.653595
13307.519531	-88.690117
13329.052734	-89.431656
13350.585938	-90.101723
13372.119141	-91.357994
13393.652344	-92.599899
13415.185547	-93.234024
13436.718750	-93.628105
13458.251953	-93.407860
13479.785156	-93.668587
13501.318359	-92.864693
13522.851562	-92.345802
13544.384766	-91.956383
13565.917969	-90.938568
13587.451172	-90.354607
13608.984375	-90.070366
13630.517578	-90.147789
13652.050781	-89.706047
13673.583984	-89.854774
13695.117188	-90.083481
13716.650391	-90.188927
13738.183594	-89.956833
13759.716797	-90.081451
13781.250000	-90.505119
13802.783203	-90.483467
13824.316406	-90.357277
13845.849609	-90.043587
13867.382812	-90.115372
13888.916016	-90.102058
13910.449219	-90.310051
13931.982422	-90.154205
13953.515625	-89.326584
13975.048828	-89.111908
13996.582031	-88.948608
14018.115234	-88.405708
14039.648438	-87.755783
14061.181641	-87.595711
14082.714844	-87.517105
14104.248047	-87.194908
14125.781250	-87.010490
14147.314453	-86.465172
14168.847656	-86.062332
14190.380859	-86.105911
14211.914062	-85.970619
14233.447266	-85.373787
14254.980469	-84.829941
14276.513672	-85.030106
14298.046875	-85.280685
14319.580078	-84.877312
14341.113281	-84.706665
14362.646484	-84.610497
14384.179688	-84.207405
14405.712891	-84.381271
14427.246094	-84.676315
14448.779297	-84.386078
14470.312500	-84.241928
14491.845703	-84.680962
14513.378906	-84.613594
14534.912109	-84.568886
14556.445312	-83.963158
14577.978516	-84.268272
14599.511719	-84.556282
14621.044922	-84.690239
14642.578125	-84.929962
14664.111328	-85.284088
14685.644531	-85.402473
14707.177734	-85.081604
14728.710938	-85.346466
14750.244141	-85.375893
14771.777344	-85.896156
14793.310547	-86.151733
14814.843750	-86.478203
14836.376953	-86.799622
14857.910156	-86.777718
14879.443359	-87.055923
14900.976562	-87.726761
14922.509766	-88.729530
14944.042969	-88.839928
14965.576172	-89.278786
14987.109375	-90.248718
15008.642578	-91.355003
15030.175781	-92.700157
15051.708984	-93.469101
15073.242188	-94.935844
15094.775391	-95.865295
15116.308594	-96.636703
15137.841797	-97.074547
15159.375000	-96.298882
15180.908203	-97.429695
15202.441406	-97.427711
15223.974609	-97.212624
15245.507812	-95.870316
15267.041016	-95.735031
15288.574219	-96.862541
15310.107422	-96.839470
15331.640625	-96.984848
15353.173828	-96.400276
15374.707031	-96.869606
15396.240234	-97.776405
15417.773438	-98.618034
15439.306641	-98.891708
15460.839844	-98.052979
15482.373047	-101.175278
15503.906250	-101.315399
15525.439453	-102.055046
15546.972656	-99.879898
15568.505859	-100.049812
15590.039062	-102.851120
15611.572266	-102.103683
15633.105469	-102.103539
15654.638672	-99.024803
15676.171875	-100.106979
15697.705078	-99.580269
15719.238281	-98.746445
15740.771484	-97.020851
15762.304688	-95.446861
15783.837891	-95.600433
15805.371094	-94.969582
15826.904297	-94.372314
15848.437500	-93.512512
15869.970703	-93.494720
15891.503906	-93.313728
15913.037109	-93.351524
15934.570312	-93.184547
15956.103516	-92.774155
15977.636719	-93.257286
15999.169922	-93.467056
16020.703125	-93.588623
16042.236328	-93.642838
16063.769531	-93.568169
16085.302734	-94.750526
16106.835938	-94.763275
16128.369141	-94.894402
16149.902344	-94.278069
16171.435547	-94.220467
16192.968750	-94.633659
16214.501953	-94.708641
16236.035156	-94.448967
16257.568359	-93.224686
16279.101562	-93.752724
16300.634766	-94.086243
16322.167969	-94.236809
16343.701172	-93.625084
16365.234375	-93.219032
16386.767578	-93.547737
16408.300781	-93.610130
16429.833984	-93.672852
16451.367188	-92.237717
16472.900391	-92.243958
16494.433594	-92.494637
16515.966797	-92.113899
16537.500000	-91.660988
16559.033203	-91.012352
16580.566406	-91.659691
16602.099609	-91.261299
16623.632812	-90.964661
16645.166016	-90.678856
16666.699219	-90.695564
16688.232422	-90.872391
16709.765625	-90.469353
16731.298828	-90.923363
16752.832031	-90.120590
16774.365234	-90.062347
16795.898438	-90.268829
16817.431641	-90.063477
16838.964844	-89.884384
16860.498047	-89.320793
16882.031250	-89.178619
16903.564453	-89.304802
16925.097656	-89.465675
16946.630859	-88.904266
16968.164062	-88.640594
16989.697266	-88.809052
17011.230469	-88.860069
17032.763672	-88.608910
17054.296875	-88.526863
17075.830078	-88.931641
17097.363281	-88.848488
17118.896484	-88.997353
17140.429688	-88.880173
17161.962891	-88.653923
17183.496094	-89.121819
17205.029297	-89.222351
17226.562500	-89.356430
17248.095703	-89.667152
17269.628906	-89.801590
17291.162109	-89.995331
17312.695312	-89.868881
17334.228516	-90.656570
17355.761719	-90.329468
17377.294922	-90.795341
17398.828125	-91.185654
17420.361328	-91.769173
17441.894531	-91.865761
17463.427734	-91.620827
17484.960938	-92.076225
17506.494141	-92.189819
17528.027344	-92.778770
17549.560547	-91.525291
17571.093750	-91.375008
17592.626953	-92.163742
17614.160156	-92.291183
17635.693359	-92.247375
17657.226562	-91.198174
17678.759766	-91.749146
17700.292969	-92.079063
17721.826172	-91.859375
17743.359375	-91.219429
17764.892578	-90.664536
17786.425781	-90.977257
17807.958984	-90.909622
17829.492188	-90.926765
17851.025391	-90.086685
17872.558594	-90.031242
17894.091797	-90.425529
17915.625000	-90.028122
17937.158203	-89.740166
17958.691406	-89.387589
17980.224609	-88.376305
18001.757812	-89.367867
18023.291016	-90.573357
18044.824219	-90.324211
18066.357422	-90.078674
18087.890625	-90.754578
18109.423828	-90.816544
18130.957031	-90.942467
18152.490234	-90.745628
18174.023438	-91.301781
18195.556641	-91.243713
18217.089844	-91.253517
18238.623047	-91.636490
18260.156250	-91.219299
18281.689453	-92.114174
18303.222656	-92.394386
18324.755859	-92.917236
18346.289062	-91.802155
18367.822266	-91.543343
18389.355469	-92.831543
18410.888672	-93.158409
18432.421875	-93.627129
18453.955078	-92.112587
18475.488281	-93.617805
18497.021484	-94.947800
18518.554688	-94.994202
18540.087891	-95.238289
18561.621094	-93.638229
18583.154297	-95.956451
18604.687500	-95.689308
18626.220703	-96.272003
18647.753906	-93.766571
18669.287109	-93.251282
18690.820312	-94.592041
18712.353516	-93.639008
18733.886719	-93.938866
18755.419922	-91.617287
18776.953125	-92.225624
18798.486328	-92.336975
18820.019531	-92.341286
18841.552734	-91.381462
18863.085938	-90.387886
18884.619141	-91.662277
18906.152344	-91.088524
18927.685547	-92.123619
18949.218750	-90.721786
18970.751953	-90.805122
18992.285156	-91.844070
19013.818359	-91.506790
19035.351562	-92.447289
19056.884766	-90.688560
19078.417969	-91.879364
19099.951172	-92.226845
19121.484375	-92.568840
19143.017578	-92.329300
19164.550781	-91.162041
19186.083984	-93.983925
19207.617188	-93.015739
19229.150391	-94.405746
19250.683594	-92.546432
19272.216797	-92.804962
19293.750000	-94.467171
19315.283203	-94.255135
19336.816406	-94.466171
19358.349609	-91.669090
19379.882812	-94.151039
19401.416016	-94.178223
19422.949219	-94.228935
19444.482422	-92.953430
19466.015625	-91.800568
19487.548828	-94.219498
19509.082031	-93.288704
19530.615234	-93.785271
19552.148438	-92.156891
19573.681641	-92.403954
19595.214844	-92.958725
19616.748047	-92.383560
19638.281250	-92.437592
19659.814453	-90.822380
19681.347656	-92.537292
19702.880859	-92.399330
19724.414062	-92.728539
19745.947266	-92.445419
19767.480469	-91.629837
19789.013672	-93.007828
19810.546875	-92.554451
19832.080078	-93.185005
19853.613281	-91.799377
19875.146484	-92.683701
19896.679688	-93.198906
19918.212891	-93.183434
19939.746094	-93.519661
19961.279297	-92.229256
19982.812500	-93.443069
20004.345703	-93.683640
20025.878906	-94.248474
20047.412109	-93.445992
20068.945312	-93.316818
20090.478516	-94.489899
20112.011719	-94.098358
20133.544922	-95.386551
20155.078125	-94.558563
20176.611328	-95.450691
20198.144531	-95.839111
20219.677734	-95.781876
20241.210938	-96.099922
20262.744141	-94.999878
20284.277344	-96.670143
20305.810547	-96.833763
20327.343750	-97.496849
20348.876953	-96.478615
20370.410156	-96.462990
20391.943359	-97.715080
20413.476562	-97.669319
20435.009766	-98.126160
20456.542969	-96.663383
20478.076172	-97.896416
20499.609375	-98.512802
20521.142578	-98.853661
20542.675781	-98.500130
20564.208984	-97.614136
20585.742188	-99.158165
20607.275391	-98.901581
20628.808594	-99.321320
20650.341797	-98.535019
20671.875000	-98.726364
20693.408203	-99.601326
20714.941406	-99.710442
20736.474609	-100.012550
20758.007812	-99.036224
20779.541016	-100.051323
20801.074219	-100.046844
20822.607422	-100.243904
20844.140625	-99.924431
20865.673828	-99.333244
20887.207031	-100.558830
20908.740234	-100.706535
20930.273438	-101.199577
20951.806641	-100.484573
20973.339844	-100.587112
20994.873047	-101.362747
21016.406250	-101.525314
21037.939453	-101.599190
21059.472656	-100.636398
21081.005859	-101.643883
21102.539062	-101.635239
21124.072266	-101.650040
21145.605469	-101.460289
21167.138672	-100.973511
21188.671875	-102.469055
21210.205078	-102.310860
21231.738281	-102.677101
21253.271484	-101.957016
21274.804688	-102.143578
21296.337891	-102.481094
21317.871094	-102.789597
21339.404297	-102.919975
21360.937500	-102.155899
21382.470703	-102.681870
21404.003906	-102.759178
21425.537109	-103.378006
21447.070312	-103.271027
21468.603516	-102.865562
21490.136719	-103.866180
21511.669922	-103.632774
21533.203125	-103.814590
21554.736328	-103.221779
21576.269531	-103.635399
21597.802734	-104.020157
21619.335938	-103.927742
21640.869141	-103.699997
21662.402344	-103.473167
21683.935547	-104.439590
21705.468750	-104.069725
21727.001953	-104.014687
21748.535156	-104.087379
21770.068359	-104.237602
21791.601562	-104.375092
21813.134766	-104.344498
21834.667969	-104.390465
21856.201172	-104.174393
21877.734375	-104.237816
21899.267578	-104.523979
21920.800781	-104.544617
21942.333984	-104.515274
21963.867188	-104.481560
21985.400391	-105.033508
22006.933594	-105.040924
22028.466797	-104.964790
