Frequency (Hz)	Level (dB)
21.533203	-55.636509
43.066406	-44.988213
64.599609	-47.060299
86.132812	-63.144585
107.666016	-61.677601
129.199219	-63.240913
150.732422	-72.378685
172.265625	-79.827858
193.798828	-75.279167
215.332031	-73.950859
236.865234	-72.790100
258.398438	-73.657211
279.931641	-72.801384
301.464844	-69.257332
322.998047	-71.675552
344.531250	-68.583687
366.064453	-70.992340
387.597656	-74.091026
409.130859	-72.178993
430.664062	-71.425507
452.197266	-67.564079
473.730469	-67.161316
495.263672	-71.046455
516.796875	-76.946655
538.330078	-79.105682
559.863281	-80.526405
581.396484	-83.547867
602.929688	-82.123444
624.462891	-78.888947
645.996094	-71.322586
667.529297	-74.966164
689.062500	-87.160858
710.595703	-87.986870
732.128906	-82.598549
753.662109	-79.011009
775.195312	-85.417160
796.728516	-84.532982
818.261719	-87.415634
839.794922	-86.610886
861.328125	-86.813591
882.861328	-90.615311
904.394531	-89.369339
925.927734	-82.291649
947.460938	-75.503983
968.994141	-78.379417
990.527344	-82.670578
1012.060547	-86.346405
1033.593750	-89.635460
1055.126953	-89.277206
1076.660156	-91.361031
1098.193359	-91.857140
1119.726562	-94.047356
1141.259766	-87.260254
1162.792969	-88.406204
1184.326172	-96.403801
1205.859375	-95.364136
1227.392578	-89.498474
1248.925781	-83.867043
1270.458984	-88.607491
1291.992188	-94.380623
1313.525391	-95.752495
1335.058594	-93.746506
1356.591797	-92.413307
1378.125000	-97.814590
1399.658203	-95.795456
1421.191406	-97.298340
1442.724609	-93.525230
1464.257812	-93.568329
1485.791016	-92.428894
1507.324219	-90.969810
1528.857422	-90.127640
1550.390625	-89.966324
1571.923828	-94.242142
1593.457031	-92.016525
1614.990234	-88.743088
1636.523438	-87.127831
1658.056641	-86.507088
1679.589844	-85.991623
1701.123047	-85.342979
1722.656250	-85.500259
1744.189453	-83.406250
1765.722656	-86.661240
1787.255859	-93.104996
1808.789062	-88.349098
1830.322266	-84.393890
1851.855469	-80.974808
1873.388672	-78.602036
1894.921875	-76.816811
1916.455078	-75.536209
1937.988281	-74.218910
1959.521484	-73.005035
1981.054688	-71.655807
2002.587891	-69.974060
2024.121094	-69.050568
2045.654297	-67.660652
2067.187500	-66.058495
2088.720703	-65.016647
2110.253906	-66.014320
2131.787109	-68.420929
2153.320312	-71.037842
2174.853516	-73.666252
2196.386719	-76.436737
2217.919922	-78.409325
2239.453125	-78.432877
2260.986328	-78.258873
2282.519531	-78.554405
2304.052734	-79.935638
2325.585938	-81.641518
2347.119141	-82.680267
2368.652344	-83.931221
2390.185547	-83.609756
2411.718750	-82.695473
2433.251953	-81.581055
2454.785156	-80.717262
2476.318359	-81.079231
2497.851562	-82.232086
2519.384766	-83.198700
2540.917969	-83.844688
2562.451172	-84.076187
2583.984375	-83.945862
2605.517578	-83.197754
2627.050781	-81.758644
2648.583984	-79.789932
2670.117188	-78.418182
2691.650391	-77.676888
2713.183594	-76.960968
2734.716797	-76.477325
2756.250000	-76.521927
2777.783203	-75.983772
2799.316406	-75.304100
2820.849609	-75.656334
2842.382812	-77.608482
2863.916016	-80.994362
2885.449219	-84.661293
2906.982422	-88.843346
2928.515625	-94.882668
2950.048828	-96.745453
2971.582031	-92.357544
2993.115234	-90.828796
3014.648438	-92.357307
3036.181641	-95.842545
3057.714844	-95.467712
3079.248047	-91.060745
3100.781250	-86.724846
3122.314453	-83.279404
3143.847656	-79.879242
3165.380859	-76.406105
3186.914062	-74.628937
3208.447266	-74.871071
3229.980469	-76.743507
3251.513672	-78.721977
3273.046875	-75.286720
3294.580078	-71.966286
3316.113281	-70.398132
3337.646484	-69.855576
3359.179688	-70.117676
3380.712891	-70.961433
3402.246094	-71.536591
3423.779297	-71.934837
3445.312500	-72.341423
3466.845703	-73.161583
3488.378906	-73.870819
3509.912109	-74.696907
3531.445312	-76.088158
3552.978516	-77.952477
3574.511719	-79.135925
3596.044922	-80.016518
3617.578125	-81.124512
3639.111328	-82.016220
3660.644531	-81.904861
3682.177734	-81.772423
3703.710938	-82.272102
3725.244141	-83.039223
3746.777344	-83.785187
3768.310547	-85.830009
3789.843750	-87.766129
3811.376953	-86.966820
3832.910156	-85.885361
3854.443359	-85.892548
3875.976562	-87.471390
3897.509766	-88.668159
3919.042969	-89.358429
3940.576172	-91.929245
3962.109375	-92.881508
3983.642578	-85.941650
4005.175781	-82.122574
4026.708984	-80.807854
4048.242188	-80.019714
4069.775391	-78.118706
4091.308594	-76.682159
4112.841797	-75.342293
4134.375000	-73.941025
4155.908203	-72.329300
4177.441406	-71.189301
4198.974609	-71.120567
4220.507812	-71.693726
4242.041016	-72.608307
4263.574219	-73.861000
4285.107422	-74.678246
4306.640625	-74.511124
4328.173828	-73.791466
4349.707031	-73.621239
4371.240234	-74.297333
4392.773438	-75.431602
4414.306641	-77.333977
4435.839844	-79.333664
4457.373047	-79.390068
4478.906250	-78.605850
4500.439453	-78.370636
4521.972656	-79.028854
4543.505859	-79.399529
4565.039062	-78.871780
4586.572266	-77.665512
4608.105469	-75.665413
4629.638672	-74.012306
4651.171875	-72.647026
4672.705078	-71.653915
4694.238281	-70.903511
4715.771484	-70.284851
4737.304688	-69.970474
4758.837891	-69.973930
4780.371094	-70.280418
4801.904297	-70.932961
4823.437500	-71.532410
4844.970703	-72.439758
4866.503906	-73.043762
4888.037109	-73.949852
4909.570312	-74.107567
4931.103516	-73.905525
4952.636719	-73.978828
4974.169922	-74.215370
4995.703125	-74.147995
5017.236328	-74.208374
5038.769531	-74.901573
5060.302734	-75.257751
5081.835938	-75.093307
5103.369141	-74.798820
5124.902344	-74.585320
5146.435547	-73.984970
5167.968750	-73.482040
5189.501953	-73.639679
5211.035156	-74.048805
5232.568359	-73.826050
5254.101562	-74.183556
5275.634766	-75.301338
5297.167969	-76.353584
5318.701172	-77.721466
5340.234375	-78.778053
5361.767578	-79.824059
5383.300781	-80.694672
5404.833984	-81.984993
5426.367188	-84.015137
5447.900391	-86.077065
5469.433594	-89.403725
5490.966797	-93.651817
5512.500000	-99.712875
5534.033203	-105.090492
5555.566406	-100.569817
5577.099609	-95.561615
5598.632812	-92.383827
5620.166016	-91.482613
5641.699219	-92.187492
5663.232422	-92.683762
5684.765625	-90.493881
5706.298828	-87.721886
5727.832031	-85.604362
5749.365234	-84.342773
5770.898438	-83.879707
5792.431641	-83.754845
5813.964844	-84.421989
5835.498047	-85.256996
5857.031250	-86.315582
5878.564453	-87.044197
5900.097656	-87.314835
5921.630859	-86.947441
5943.164062	-86.237709
5964.697266	-85.648056
5986.230469	-84.855888
6007.763672	-83.949959
6029.296875	-82.895355
6050.830078	-81.679176
6072.363281	-80.882538
6093.896484	-79.998337
6115.429688	-78.870346
6136.962891	-78.115875
6158.496094	-77.429054
6180.029297	-76.847786
6201.562500	-76.672157
6223.095703	-76.975464
6244.628906	-78.069946
6266.162109	-78.464134
6287.695312	-79.364471
6309.228516	-80.723358
6330.761719	-82.607269
6352.294922	-85.004845
6373.828125	-89.171486
6395.361328	-94.268982
6416.894531	-91.966194
6438.427734	-87.400230
6459.960938	-84.728615
6481.494141	-82.645149
6503.027344	-81.092377
6524.560547	-80.058929
6546.093750	-79.270683
6567.626953	-78.546097
6589.160156	-78.215546
6610.693359	-78.190552
6632.226562	-78.419571
6653.759766	-78.810455
6675.292969	-79.466583
6696.826172	-79.834755
6718.359375	-80.532402
6739.892578	-81.447083
6761.425781	-81.772644
6782.958984	-82.832756
6804.492188	-83.875450
6826.025391	-85.425545
6847.558594	-86.907852
6869.091797	-87.222977
6890.625000	-87.775345
6912.158203	-88.020653
6933.691406	-88.247406
6955.224609	-88.696350
6976.757812	-89.499657
6998.291016	-89.638481
7019.824219	-89.653572
7041.357422	-89.431038
7062.890625	-89.106659
7084.423828	-88.855736
7105.957031	-88.512924
7127.490234	-88.283890
7149.023438	-88.118019
7170.556641	-87.591927
7192.089844	-86.302589
7213.623047	-85.762268
7235.156250	-85.479385
7256.689453	-85.122658
7278.222656	-84.079483
7299.755859	-83.388840
7321.289062	-82.921326
7342.822266	-81.992470
7364.355469	-81.611465
7385.888672	-81.285408
7407.421875	-80.737007
7428.955078	-80.352699
7450.488281	-80.493950
7472.021484	-80.886131
7493.554688	-81.393814
7515.087891	-82.267570
7536.621094	-82.918358
7558.154297	-83.364853
7579.687500	-83.816360
7601.220703	-84.345787
7622.753906	-84.043518
7644.287109	-84.250870
7665.820312	-84.424446
7687.353516	-85.065590
7708.886719	-85.919930
7730.419922	-87.357353
7751.953125	-88.785820
7773.486328	-89.686790
7795.019531	-91.433182
7816.552734	-91.980019
7838.085938	-92.236160
7859.619141	-93.295197
7881.152344	-94.896088
7902.685547	-96.489197
7924.218750	-97.196533
7945.751953	-95.972313
7967.285156	-94.466148
7988.818359	-93.062851
8010.351562	-91.861259
8031.884766	-90.979149
8053.417969	-89.849113
8074.951172	-88.735764
8096.484375	-88.318230
8118.017578	-88.273438
8139.550781	-88.236954
8161.083984	-88.800987
8182.617188	-89.332626
8204.150391	-90.579102
8225.683594	-91.196312
8247.216797	-92.098801
8268.750000	-93.286621
8290.283203	-94.213417
8311.816406	-95.762497
8333.349609	-97.613609
8354.882812	-99.495766
8376.416016	-102.619102
8397.949219	-105.276299
8419.482422	-106.453217
8441.015625	-105.055481
8462.548828	-104.352257
8484.082031	-102.191994
8505.615234	-98.982986
8527.148438	-95.982529
8548.681641	-94.248329
8570.214844	-92.108719
8591.748047	-90.231339
8613.281250	-89.218071
8634.814453	-88.378128
8656.347656	-87.628754
8677.880859	-86.583504
8699.414062	-86.220886
8720.947266	-85.735794
8742.480469	-85.731720
8764.013672	-85.059395
8785.546875	-84.191650
8807.080078	-83.863617
8828.613281	-83.218620
8850.146484	-82.485687
8871.679688	-82.096779
8893.212891	-81.756432
8914.746094	-81.550903
8936.279297	-81.581795
8957.812500	-81.806458
8979.345703	-82.041641
9000.878906	-81.968636
9022.412109	-82.475555
9043.945312	-82.982117
9065.478516	-83.440887
9087.011719	-84.376877
9108.544922	-85.511070
9130.078125	-86.394943
9151.611328	-87.623627
9173.144531	-88.773560
9194.677734	-89.703491
9216.210938	-90.742996
9237.744141	-90.946609
9259.277344	-90.628960
9280.810547	-89.777039
9302.343750	-89.863129
9323.876953	-89.588463
9345.410156	-89.070869
9366.943359	-89.204185
9388.476562	-89.053314
9410.009766	-88.947815
9431.542969	-89.281418
9453.076172	-89.001167
9474.609375	-88.751038
9496.142578	-88.433334
9517.675781	-87.876961
9539.208984	-87.083694
9560.742188	-86.810097
9582.275391	-86.803520
9603.808594	-86.222458
9625.341797	-86.172920
9646.875000	-86.065216
9668.408203	-86.108368
9689.941406	-86.410393
9711.474609	-87.193619
9733.007812	-87.640564
9754.541016	-88.073456
9776.074219	-88.477142
9797.607422	-88.293030
9819.140625	-88.578545
9840.673828	-88.949944
9862.207031	-89.940437
9883.740234	-90.764923
9905.273438	-91.133759
9926.806641	-90.834717
9948.339844	-90.291054
9969.873047	-90.684044
9991.406250	-90.949966
10012.939453	-91.341309
10034.472656	-92.005470
10056.005859	-92.396713
10077.539062	-92.978615
10099.072266	-93.786194
10120.605469	-94.153519
10142.138672	-94.583946
10163.671875	-95.693100
10185.205078	-97.381569
10206.738281	-97.871956
10228.271484	-98.832474
10249.804688	-99.149841
10271.337891	-99.106216
10292.871094	-99.315231
10314.404297	-99.488388
10335.937500	-99.858833
10357.470703	-100.283585
10379.003906	-101.545784
10400.537109	-102.226181
10422.070312	-101.905624
10443.603516	-101.368240
10465.136719	-101.644539
10486.669922	-101.263008
10508.203125	-101.243431
10529.736328	-100.984604
10551.269531	-99.931335
10572.802734	-99.633728
10594.335938	-98.718338
10615.869141	-97.955879
10637.402344	-97.116943
10658.935547	-96.799377
10680.468750	-96.504448
10702.001953	-95.833740
10723.535156	-95.045540
10745.068359	-94.883987
10766.601562	-94.905304
10788.134766	-94.402283
10809.667969	-94.490669
10831.201172	-94.215019
10852.734375	-93.828537
10874.267578	-94.104927
10895.800781	-93.713478
10917.333984	-93.322510
10938.867188	-93.311813
10960.400391	-93.327179
10981.933594	-93.383720
11003.466797	-92.365021
11025.000000	-91.658905
11046.533203	-91.328041
11068.066406	-91.203926
11089.599609	-90.969154
11111.132812	-90.990234
11132.666016	-90.427330
11154.199219	-90.275978
11175.732422	-90.297112
11197.265625	-90.511795
11218.798828	-89.795670
11240.332031	-89.465027
11261.865234	-89.735268
11283.398438	-89.292770
11304.931641	-88.754219
11326.464844	-88.431419
11347.998047	-87.708069
11369.531250	-87.235062
11391.064453	-86.691574
11412.597656	-86.476456
11434.130859	-86.589005
11455.664062	-86.440544
11477.197266	-86.389755
11498.730469	-86.028419
11520.263672	-86.130844
11541.796875	-85.878998
11563.330078	-85.524849
11584.863281	-85.570763
11606.396484	-84.953903
11627.929688	-84.451859
11649.462891	-84.331070
11670.996094	-84.112030
11692.529297	-83.865852
11714.062500	-83.901154
11735.595703	-84.067253
11757.128906	-83.940941
11778.662109	-84.170555
11800.195312	-84.605614
11821.728516	-84.739265
11843.261719	-85.183304
11864.794922	-85.866631
11886.328125	-87.118645
11907.861328	-88.366776
11929.394531	-89.985519
11950.927734	-92.074348
11972.460938	-94.130997
11993.994141	-94.999222
12015.527344	-94.955338
12037.060547	-94.251053
12058.593750	-93.599136
12080.126953	-93.749168
12101.660156	-93.255951
12123.193359	-92.900665
12144.726562	-92.691658
12166.259766	-92.482277
12187.792969	-92.891121
12209.326172	-92.896271
12230.859375	-92.982231
12252.392578	-93.237175
12273.925781	-93.439453
12295.458984	-93.734230
12316.992188	-93.390892
12338.525391	-93.139389
12360.058594	-93.350494
12381.591797	-93.622063
12403.125000	-93.179794
12424.658203	-93.124901
12446.191406	-93.325630
12467.724609	-93.531242
12489.257812	-93.693161
12510.791016	-93.994690
12532.324219	-94.554733
12553.857422	-94.430618
12575.390625	-93.971039
12596.923828	-93.596664
12618.457031	-93.445602
12639.990234	-93.383675
12661.523438	-93.074379
12683.056641	-92.402916
12704.589844	-91.880562
12726.123047	-91.824593
12747.656250	-91.448586
12769.189453	-91.124214
12790.722656	-90.853043
12812.255859	-90.383743
12833.789062	-89.890869
12855.322266	-89.389809
12876.855469	-88.571877
12898.388672	-88.215454
12919.921875	-88.026901
12941.455078	-87.832726
12962.988281	-87.209404
12984.521484	-87.143402
13006.054688	-87.248970
13027.587891	-87.288353
13049.121094	-87.062210
13070.654297	-86.955826
13092.187500	-86.894600
13113.720703	-86.688362
13135.253906	-86.438385
13156.787109	-85.966591
13178.320312	-85.599190
13199.853516	-84.711723
13221.386719	-84.270889
13242.919922	-83.874435
13264.453125	-83.270714
13285.986328	-83.046356
13307.519531	-83.187187
13329.052734	-82.963409
13350.585938	-82.776863
13372.119141	-82.824173
13393.652344	-82.513931
13415.185547	-82.250214
13436.718750	-82.159821
13458.251953	-82.251732
13479.785156	-82.233368
13501.318359	-81.862816
13522.851562	-81.904854
13544.384766	-82.259537
13565.917969	-81.759041
13587.451172	-81.386917
13608.984375	-81.581825
13630.517578	-82.084351
13652.050781	-82.110466
13673.583984	-82.330124
13695.117188	-82.658371
13716.650391	-82.838364
13738.183594	-82.920166
13759.716797	-83.324860
13781.250000	-83.947823
13802.783203	-84.399071
13824.316406	-84.660347
13845.849609	-84.978714
13867.382812	-85.684921
13888.916016	-86.287163
13910.449219	-87.423721
13931.982422	-88.622787
13953.515625	-89.307663
13975.048828	-90.441124
13996.582031	-91.378723
14018.115234	-91.839920
14039.648438	-92.213928
14061.181641	-93.252350
14082.714844	-94.119164
14104.248047	-94.590675
14125.781250	-95.083832
14147.314453	-94.787346
14168.847656	-93.836136
14190.380859	-93.071114
14211.914062	-92.350983
14233.447266	-91.322113
14254.980469	-90.420792
14276.513672	-90.202415
14298.046875	-90.375359
14319.580078	-89.781212
14341.113281	-89.580963
14362.646484	-90.024460
14384.179688	-89.992943
14405.712891	-90.572151
14427.246094	-91.204140
14448.779297	-91.298164
14470.312500	-91.451881
14491.845703	-92.231705
14513.378906	-92.400063
14534.912109	-92.490807
14556.445312	-92.375359
14577.978516	-92.986725
14599.511719	-93.370125
14621.044922	-93.595131
14642.578125	-93.821350
14664.111328	-93.875298
14685.644531	-93.681534
14707.177734	-93.223763
14728.710938	-93.214401
14750.244141	-93.105659
14771.777344	-93.666801
14793.310547	-94.104301
14814.843750	-94.556328
14836.376953	-94.689796
14857.910156	-95.057953
14879.443359	-95.588600
14900.976562	-96.511375
14922.509766	-97.926750
14944.042969	-98.804886
14965.576172	-99.810677
14987.109375	-100.500565
15008.642578	-100.823555
15030.175781	-100.544060
15051.708984	-99.605240
15073.242188	-99.218506
15094.775391	-98.578613
15116.308594	-97.901024
15137.841797	-97.583611
15159.375000	-97.809875
15180.908203	-97.644402
15202.441406	-97.626549
15223.974609	-97.534149
15245.507812	-96.986259
15267.041016	-97.086403
15288.574219	-97.142632
15310.107422	-97.080513
15331.640625	-96.611801
15353.173828	-96.126198
15374.707031	-95.868011
15396.240234	-95.369629
15417.773438	-94.823090
15439.306641	-94.358566
15460.839844	-94.017120
15482.373047	-93.810020
15503.906250	-93.139603
15525.439453	-92.677963
15546.972656	-91.866753
15568.505859	-91.733879
15590.039062	-91.365646
15611.572266	-90.921913
15633.105469	-90.872650
15654.638672	-90.950027
15676.171875	-90.919044
15697.705078	-90.412018
15719.238281	-90.095490
15740.771484	-89.737579
15762.304688	-89.463814
15783.837891	-89.268982
15805.371094	-89.241318
15826.904297	-88.583649
15848.437500	-87.975899
15869.970703	-88.022263
15891.503906	-87.656860
15913.037109	-87.562248
15934.570312	-87.050461
15956.103516	-86.398155
15977.636719	-86.211266
15999.169922	-86.071457
16020.703125	-85.654243
16042.236328	-85.418678
16063.769531	-85.378418
16085.302734	-85.681335
16106.835938	-85.368896
16128.369141	-85.312027
16149.902344	-85.302979
16171.435547	-85.150368
16192.968750	-85.068863
16214.501953	-85.490356
16236.035156	-85.539185
16257.568359	-85.209732
16279.101562	-85.211365
16300.634766	-85.574326
16322.167969	-85.827286
16343.701172	-85.831421
16365.234375	-85.763649
16386.767578	-85.567963
16408.300781	-86.225189
16429.833984	-86.715729
16451.367188	-86.425690
16472.900391	-86.651367
16494.433594	-87.125053
16515.966797	-87.360611
16537.500000	-87.617401
16559.033203	-87.759590
16580.566406	-88.534386
16602.099609	-88.640335
16623.632812	-88.623482
16645.166016	-88.787819
16666.699219	-89.118599
16688.232422	-89.210785
16709.765625	-89.069443
16731.298828	-89.972549
16752.832031	-89.929581
16774.365234	-89.936829
16795.898438	-90.357674
16817.431641	-90.630310
16838.964844	-90.856102
16860.498047	-90.979454
16882.031250	-91.533897
16903.564453	-92.154373
16925.097656	-92.817886
16946.630859	-92.751732
16968.164062	-93.279602
16989.697266	-93.920975
17011.230469	-94.538239
17032.763672	-94.807693
17054.296875	-95.240616
17075.830078	-96.085052
17097.363281	-96.285187
17118.896484	-96.745934
17140.429688	-96.733727
17161.962891	-97.180153
17183.496094	-97.601540
17205.029297	-97.770813
17226.562500	-97.808098
17248.095703	-97.868378
17269.628906	-98.112175
17291.162109	-98.078285
17312.695312	-97.682983
17334.228516	-97.573250
17355.761719	-97.823051
17377.294922	-98.710304
17398.828125	-98.892105
17420.361328	-98.684425
17441.894531	-98.197815
17463.427734	-98.647629
17484.960938	-99.038628
17506.494141	-99.377029
17528.027344	-99.291756
17549.560547	-98.674904
17571.093750	-99.207283
17592.626953	-99.368202
17614.160156	-99.726021
17635.693359	-98.447571
17657.226562	-98.049934
17678.759766	-99.471657
17700.292969	-99.548698
17721.826172	-99.413635
17743.359375	-97.867294
17764.892578	-98.622566
17786.425781	-99.610481
17807.958984	-99.714798
17829.492188	-99.001350
17851.025391	-97.869789
17872.558594	-98.784561
17894.091797	-98.909653
17915.625000	-98.855461
17937.158203	-98.430748
17958.691406	-97.340340
17980.224609	-92.498978
18001.757812	-94.367828
18023.291016	-98.823097
18044.824219	-98.552330
18066.357422	-98.731735
18087.890625	-98.795235
18109.423828	-99.000938
18130.957031	-98.298019
18152.490234	-97.302940
18174.023438	-98.338196
18195.556641	-98.319191
18217.089844	-98.168915
18238.623047	-96.935669
18260.156250	-97.290176
18281.689453	-97.941025
18303.222656	-98.002281
18324.755859	-97.909584
18346.289062	-96.952110
18367.822266	-97.278755
18389.355469	-97.274208
18410.888672	-97.725296
18432.421875	-96.650551
18453.955078	-96.207718
18475.488281	-97.322960
18497.021484	-97.626549
18518.554688	-97.776405
18540.087891	-97.094749
18561.621094	-97.253044
18583.154297	-97.817429
18604.687500	-97.705681
18626.220703	-97.237061
18647.753906	-95.497276
18669.287109	-97.124603
18690.820312	-97.616211
18712.353516	-97.669624
18733.886719	-97.097610
18755.419922	-96.831558
18776.953125	-97.535065
18798.486328	-97.635773
18820.019531	-97.762657
18841.552734	-96.905083
18863.085938	-96.924065
18884.619141	-97.664871
18906.152344	-97.762787
18927.685547	-97.636482
18949.218750	-96.546272
18970.751953	-97.388618
18992.285156	-97.439941
19013.818359	-97.411163
19035.351562	-97.277847
19056.884766	-97.181747
19078.417969	-97.649544
19099.951172	-97.633553
19121.484375	-97.103485
19143.017578	-95.457970
19164.550781	-96.249031
19186.083984	-97.252594
19207.617188	-97.559181
19229.150391	-96.989471
19250.683594	-96.230759
19272.216797	-97.177086
19293.750000	-97.101799
19315.283203	-97.204109
19336.816406	-96.574478
19358.349609	-96.587021
19379.882812	-97.433434
19401.416016	-97.413055
19422.949219	-96.746056
19444.482422	-95.524834
19466.015625	-96.566940
19487.548828	-97.453972
19509.082031	-97.064819
19530.615234	-96.519432
19552.148438	-96.154343
19573.681641	-96.752678
19595.214844	-96.830872
19616.748047	-96.696892
19638.281250	-96.075890
19659.814453	-96.375664
19681.347656	-96.995453
19702.880859	-96.969894
19724.414062	-97.273590
19745.947266	-96.477905
19767.480469	-96.844559
19789.013672	-96.671944
19810.546875	-96.742645
19832.080078	-96.610077
19853.613281	-96.400375
19875.146484	-96.488586
19896.679688	-96.592430
19918.212891	-96.997131
19939.746094	-95.580704
19961.279297	-95.908157
19982.812500	-97.223282
20004.345703	-96.872055
20025.878906	-96.864487
20047.412109	-96.157516
20068.945312	-97.072906
20090.478516	-97.318771
20112.011719	-96.955452
20133.544922	-97.052704
20155.078125	-96.622162
20176.611328	-97.075401
20198.144531	-97.098740
20219.677734	-97.284355
20241.210938	-96.864594
20262.744141	-97.049484
20284.277344	-97.490753
20305.810547	-97.594658
20327.343750	-97.573006
20348.876953	-97.041138
20370.410156	-97.594833
20391.943359	-97.560692
20413.476562	-97.941025
20435.009766	-97.538910
20456.542969	-97.158791
20478.076172	-98.005203
20499.609375	-98.069237
20521.142578	-98.083542
20542.675781	-98.007446
20564.208984	-98.131203
20585.742188	-98.068626
20607.275391	-98.259819
20628.808594	-98.265968
20650.341797	-97.917564
20671.875000	-98.097908
20693.408203	-98.267624
20714.941406	-98.360466
20736.474609	-98.300201
20758.007812	-98.545944
20779.541016	-98.865723
20801.074219	-99.164253
20822.607422	-99.418518
20844.140625	-98.770760
20865.673828	-99.002266
20887.207031	-99.319962
20908.740234	-99.686577
20930.273438	-99.987137
20951.806641	-100.449532
20973.339844	-100.861320
20994.873047	-101.156265
21016.406250	-100.818237
21037.939453	-100.863022
21059.472656	-101.005020
21081.005859	-101.080261
21102.539062	-101.177536
21124.072266	-101.509056
21145.605469	-101.347305
21167.138672	-101.641518
21188.671875	-102.146553
21210.205078	-101.965210
21231.738281	-101.872002
21253.271484	-102.241287
21274.804688	-102.198082
21296.337891	-102.355934
21317.871094	-102.363373
21339.404297	-102.336685
21360.937500	-102.076118
21382.470703	-102.185020
21404.003906	-101.908867
21425.537109	-102.170975
21447.070312	-102.244888
21468.603516	-102.301979
21490.136719	-102.194374
21511.669922	-102.162537
21533.203125	-102.149101
21554.736328	-102.441322
21576.269531	-102.183762
21597.802734	-102.244881
21619.335938	-102.229675
21640.869141	-102.219978
21662.402344	-102.113571
21683.935547	-102.523155
21705.468750	-102.371559
21727.001953	-102.441978
21748.535156	-102.193146
21770.068359	-102.043297
21791.601562	-102.172073
21813.134766	-102.124191
21834.667969	-102.221748
21856.201172	-102.129913
21877.734375	-102.191681
21899.267578	-102.347176
21920.800781	-102.360855
21942.333984	-102.086418
21963.867188	-102.185249
21985.400391	-102.288879
22006.933594	-102.582245
22028.466797	-102.370674
