Frequency (Hz)	Level (dB)
21.533203	-55.295982
43.066406	-44.652748
64.599609	-46.728210
86.132812	-63.058361
107.666016	-65.490852
129.199219	-74.894882
150.732422	-75.620789
172.265625	-79.242317
193.798828	-75.806877
215.332031	-78.591164
236.865234	-81.360947
258.398438	-78.281357
279.931641	-74.617645
301.464844	-71.731987
322.998047	-74.733025
344.531250	-68.710548
366.064453	-71.625717
387.597656	-79.934120
409.130859	-79.642479
430.664062	-76.930054
452.197266	-72.481209
473.730469	-78.646866
495.263672	-83.050980
516.796875	-87.491844
538.330078	-84.441521
559.863281	-84.019958
581.396484	-89.110283
602.929688	-84.885330
624.462891	-79.044937
645.996094	-71.440506
667.529297	-75.151199
689.062500	-88.215126
710.595703	-87.687073
732.128906	-81.993355
753.662109	-78.819374
775.195312	-85.676216
796.728516	-84.781120
818.261719	-88.061218
839.794922	-87.855408
861.328125	-88.222496
882.861328	-92.839081
904.394531	-91.691788
925.927734	-80.761703
947.460938	-73.456017
968.994141	-78.054428
990.527344	-89.122887
1012.060547	-89.721138
1033.593750	-92.375755
1055.126953	-90.606537
1076.660156	-94.529007
1098.193359	-94.300941
1119.726562	-94.780647
1141.259766	-88.246155
1162.792969	-88.952858
1184.326172	-94.803543
1205.859375	-92.362244
1227.392578	-86.432747
1248.925781	-81.857811
1270.458984	-85.863548
1291.992188	-90.033524
1313.525391	-92.132523
1335.058594	-90.257812
1356.591797	-88.900635
1378.125000	-96.088127
1399.658203	-96.401558
1421.191406	-99.629700
1442.724609	-99.646027
1464.257812	-100.673653
1485.791016	-96.553528
1507.324219	-95.391190
1528.857422	-96.534279
1550.390625	-91.641922
1571.923828	-93.928680
1593.457031	-89.789391
1614.990234	-88.232811
1636.523438	-88.367516
1658.056641	-88.518929
1679.589844	-89.021339
1701.123047	-88.573257
1722.656250	-88.567818
1744.189453	-84.772209
1765.722656	-85.276611
1787.255859	-85.667244
1808.789062	-84.079803
1830.322266	-82.293343
1851.855469	-81.661194
1873.388672	-80.706352
1894.921875	-79.610207
1916.455078	-78.384819
1937.988281	-76.693123
1959.521484	-74.130920
1981.054688	-71.693176
2002.587891	-68.748466
2024.121094	-65.318222
2045.654297	-62.173485
2067.187500	-61.181553
2088.720703	-61.452892
2110.253906	-61.643993
2131.787109	-62.316647
2153.320312	-64.358337
2174.853516	-66.647507
2196.386719	-68.359680
2217.919922	-69.842598
2239.453125	-71.472618
2260.986328	-72.777702
2282.519531	-73.351891
2304.052734	-74.194511
2325.585938	-75.082611
2347.119141	-75.534927
2368.652344	-76.367752
2390.185547	-76.574074
2411.718750	-76.256264
2433.251953	-77.027977
2454.785156	-77.961983
2476.318359	-79.028259
2497.851562	-80.100121
2519.384766	-80.309151
2540.917969	-80.929100
2562.451172	-81.426682
2583.984375	-81.591782
2605.517578	-82.316307
2627.050781	-83.186729
2648.583984	-82.900894
2670.117188	-83.323669
2691.650391	-84.608452
2713.183594	-85.411827
2734.716797	-86.754456
2756.250000	-87.263206
2777.783203	-86.414268
2799.316406	-85.360748
2820.849609	-84.954086
2842.382812	-84.470009
2863.916016	-84.340157
2885.449219	-84.741806
2906.982422	-85.670174
2928.515625	-87.569710
2950.048828	-89.270653
2971.582031	-89.170425
2993.115234	-88.881172
3014.648438	-87.943336
3036.181641	-85.667999
3057.714844	-84.035141
3079.248047	-83.194664
3100.781250	-82.435394
3122.314453	-83.296593
3143.847656	-85.334450
3165.380859	-88.564804
3186.914062	-94.456657
3208.447266	-99.014442
3229.980469	-91.061829
3251.513672	-84.484413
3273.046875	-78.989090
3294.580078	-74.561714
3316.113281	-71.312759
3337.646484	-69.985405
3359.179688	-70.354851
3380.712891	-71.842903
3402.246094	-73.085442
3423.779297	-74.013931
3445.312500	-74.043129
3466.845703	-74.517975
3488.378906	-75.198631
3509.912109	-75.304169
3531.445312	-76.234085
3552.978516	-77.182968
3574.511719	-77.969742
3596.044922	-78.347443
3617.578125	-79.885101
3639.111328	-81.488586
3660.644531	-82.651627
3682.177734	-83.208321
3703.710938	-84.228447
3725.244141	-84.647438
3746.777344	-84.234261
3768.310547	-84.536873
3789.843750	-85.196838
3811.376953	-85.445412
3832.910156	-85.113976
3854.443359	-84.440018
3875.976562	-83.278236
3897.509766	-82.188934
3919.042969	-81.570694
3940.576172	-81.093094
3962.109375	-80.599243
3983.642578	-80.197342
4005.175781	-79.920517
4026.708984	-80.318329
4048.242188	-82.216400
4069.775391	-85.970375
4091.308594	-91.855423
4112.841797	-89.404404
4134.375000	-84.815948
4155.908203	-81.725197
4177.441406	-80.067650
4198.974609	-79.536835
4220.507812	-79.132111
4242.041016	-78.654030
4263.574219	-79.175293
4285.107422	-80.237228
4306.640625	-81.105606
4328.173828	-81.839714
4349.707031	-82.382835
4371.240234	-83.415855
4392.773438	-84.724907
4414.306641	-87.140526
4435.839844	-89.021904
4457.373047	-89.076004
4478.906250	-87.716705
4500.439453	-86.606392
4521.972656	-86.494598
4543.505859	-86.349350
4565.039062	-86.025299
4586.572266	-86.123062
4608.105469	-86.097176
4629.638672	-85.954857
4651.171875	-86.328560
4672.705078	-86.712135
4694.238281	-87.359016
4715.771484	-87.959953
4737.304688	-88.146461
4758.837891	-88.436707
4780.371094	-88.383728
4801.904297	-88.114761
4823.437500	-88.119827
4844.970703	-88.544373
4866.503906	-89.332878
4888.037109	-90.901276
4909.570312	-92.508339
4931.103516	-93.509430
4952.636719	-94.497452
4974.169922	-95.554260
4995.703125	-96.336098
5017.236328	-96.867233
5038.769531	-97.120361
5060.302734	-96.841606
5081.835938	-96.575630
5103.369141	-95.943901
5124.902344	-93.788597
5146.435547	-90.429314
5167.968750	-88.171143
5189.501953	-86.404808
5211.035156	-85.535606
5232.568359	-84.969940
5254.101562	-85.343216
5275.634766	-86.717407
5297.167969	-87.963165
5318.701172	-88.741074
5340.234375	-89.220848
5361.767578	-90.137184
5383.300781	-91.423378
5404.833984	-92.553162
5426.367188	-93.750473
5447.900391	-92.249908
5469.433594	-90.317421
5490.966797	-89.572136
5512.500000	-89.567833
5534.033203	-89.461411
5555.566406	-89.219353
5577.099609	-88.626030
5598.632812	-85.998955
5620.166016	-82.447723
5641.699219	-79.397110
5663.232422	-76.780426
5684.765625	-74.593781
5706.298828	-72.762444
5727.832031	-71.761642
5749.365234	-70.925568
5770.898438	-70.099800
5792.431641	-69.593491
5813.964844	-69.621460
5835.498047	-69.590164
5857.031250	-69.566788
5878.564453	-69.449966
5900.097656	-69.955444
5921.630859	-70.450348
5943.164062	-71.289558
5964.697266	-72.820587
5986.230469	-73.965744
6007.763672	-74.652817
6029.296875	-74.606857
6050.830078	-73.679001
6072.363281	-72.593681
6093.896484	-71.064713
6115.429688	-69.779976
6136.962891	-69.189255
6158.496094	-69.199760
6180.029297	-69.608658
6201.562500	-70.111168
6223.095703	-71.167534
6244.628906	-72.414345
6266.162109	-72.817116
6287.695312	-73.734962
6309.228516	-74.267242
6330.761719	-74.635918
6352.294922	-74.370644
6373.828125	-74.202423
6395.361328	-73.776436
6416.894531	-73.396622
6438.427734	-73.059311
6459.960938	-73.160011
6481.494141	-73.670204
6503.027344	-73.995155
6524.560547	-74.819962
6546.093750	-75.970665
6567.626953	-76.833412
6589.160156	-77.473358
6610.693359	-78.089066
6632.226562	-78.489258
6653.759766	-79.112755
6675.292969	-79.100273
6696.826172	-77.966942
6718.359375	-77.448730
6739.892578	-77.878044
6761.425781	-77.729912
6782.958984	-77.973297
6804.492188	-78.326469
6826.025391	-78.626884
6847.558594	-78.740479
6869.091797	-78.591370
6890.625000	-78.572945
6912.158203	-78.443146
6933.691406	-78.022324
6955.224609	-77.891068
6976.757812	-78.407280
6998.291016	-78.573425
7019.824219	-78.774010
7041.357422	-78.964584
7062.890625	-79.502846
7084.423828	-79.751236
7105.957031	-79.995308
7127.490234	-80.739761
7149.023438	-81.940002
7170.556641	-83.098175
7192.089844	-83.602783
7213.623047	-84.556480
7235.156250	-85.999702
7256.689453	-87.465836
7278.222656	-88.946732
7299.755859	-89.737267
7321.289062	-90.607742
7342.822266	-91.221458
7364.355469	-91.957329
7385.888672	-91.868950
7407.421875	-91.840996
7428.955078	-91.952736
7450.488281	-91.609436
7472.021484	-91.515106
7493.554688	-90.939865
7515.087891	-89.403778
7536.621094	-88.190048
7558.154297	-86.814064
7579.687500	-86.158829
7601.220703	-86.174690
7622.753906	-85.916252
7644.287109	-86.157211
7665.820312	-86.501511
7687.353516	-87.355850
7708.886719	-88.462914
7730.419922	-90.215942
7751.953125	-92.000290
7773.486328	-93.897011
7795.019531	-96.204124
7816.552734	-98.743286
7838.085938	-99.848511
7859.619141	-100.093437
7881.152344	-98.409752
7902.685547	-96.953346
7924.218750	-95.835449
7945.751953	-94.707817
7967.285156	-94.640488
7988.818359	-94.994598
8010.351562	-95.915039
8031.884766	-97.363876
8053.417969	-99.356712
8074.951172	-102.638206
8096.484375	-103.391060
8118.017578	-101.576820
8139.550781	-100.478584
8161.083984	-100.434563
8182.617188	-100.841469
8204.150391	-101.247192
8225.683594	-101.401543
8247.216797	-101.085167
8268.750000	-101.240677
8290.283203	-100.925674
8311.816406	-100.749596
8333.349609	-99.878197
8354.882812	-98.831764
8376.416016	-98.865479
8397.949219	-97.562965
8419.482422	-96.825645
8441.015625	-96.378929
8462.548828	-95.505684
8484.082031	-94.377800
8505.615234	-93.057465
8527.148438	-91.504227
8548.681641	-91.107018
8570.214844	-90.361618
8591.748047	-89.299400
8613.281250	-88.930061
8634.814453	-88.779839
8656.347656	-88.534882
8677.880859	-88.442169
8699.414062	-89.147499
8720.947266	-89.729752
8742.480469	-91.163834
8764.013672	-92.025497
8785.546875	-92.294426
8807.080078	-93.110367
8828.613281	-93.065331
8850.146484	-92.731461
8871.679688	-93.198875
8893.212891	-93.200844
8914.746094	-92.978661
8936.279297	-92.756615
8957.812500	-92.602509
8979.345703	-92.388214
9000.878906	-92.090179
9022.412109	-92.206276
9043.945312	-91.892761
9065.478516	-91.873001
9087.011719	-92.004341
9108.544922	-92.019096
9130.078125	-91.647690
9151.611328	-91.529655
9173.144531	-92.016769
9194.677734	-92.521622
9216.210938	-93.952080
9237.744141	-95.333771
9259.277344	-96.628052
9280.810547	-96.898811
9302.343750	-96.175529
9323.876953	-94.767944
9345.410156	-92.899948
9366.943359	-91.814171
9388.476562	-90.871269
9410.009766	-90.095039
9431.542969	-89.958733
9453.076172	-89.775803
9474.609375	-89.865334
9496.142578	-90.412148
9517.675781	-90.772842
9539.208984	-91.321106
9560.742188	-92.113060
9582.275391	-93.482330
9603.808594	-93.965469
9625.341797	-94.404922
9646.875000	-93.779816
9668.408203	-93.056908
9689.941406	-92.628555
9711.474609	-92.265205
9733.007812	-91.422440
9754.541016	-90.901711
9776.074219	-90.442108
9797.607422	-89.923264
9819.140625	-89.182205
9840.673828	-89.010651
9862.207031	-89.046928
9883.740234	-88.910416
9905.273438	-88.906219
9926.806641	-88.703926
9948.339844	-88.638260
9969.873047	-88.561470
9991.406250	-88.913422
10012.939453	-88.969482
10034.472656	-89.474083
10056.005859	-89.709473
10077.539062	-90.237877
10099.072266	-90.793480
10120.605469	-90.626617
10142.138672	-89.975525
10163.671875	-89.964127
10185.205078	-89.822998
10206.738281	-88.999168
10228.271484	-88.617340
10249.804688	-87.659660
10271.337891	-86.915207
10292.871094	-86.152222
10314.404297	-85.285431
10335.937500	-85.292900
10357.470703	-85.225121
10379.003906	-85.252388
10400.537109	-85.138260
10422.070312	-84.978615
10443.603516	-85.077972
10465.136719	-85.399109
10486.669922	-85.375755
10508.203125	-85.932579
10529.736328	-86.751175
10551.269531	-87.349884
10572.802734	-88.181152
10594.335938	-89.474304
10615.869141	-90.409180
10637.402344	-91.554947
10658.935547	-92.708954
10680.468750	-93.092216
10702.001953	-92.442078
10723.535156	-91.697601
10745.068359	-91.329201
10766.601562	-91.071678
10788.134766	-90.476921
10809.667969	-90.665047
10831.201172	-90.692383
10852.734375	-90.313667
10874.267578	-90.696014
10895.800781	-91.070206
10917.333984	-91.857590
10938.867188	-93.013977
10960.400391	-94.403664
10981.933594	-96.604195
11003.466797	-98.205063
11025.000000	-100.337975
11046.533203	-102.484329
11068.066406	-104.462051
11089.599609	-104.120323
11111.132812	-102.406960
11132.666016	-99.805244
11154.199219	-97.568253
11175.732422	-95.572365
11197.265625	-93.675224
11218.798828	-91.278282
11240.332031	-89.725655
11261.865234	-88.697800
11283.398438	-87.607216
11304.931641	-86.367210
11326.464844	-85.577202
11347.998047	-84.655373
11369.531250	-83.804543
11391.064453	-83.199829
11412.597656	-82.796013
11434.130859	-82.503319
11455.664062	-81.963943
11477.197266	-81.407166
11498.730469	-81.146927
11520.263672	-80.904007
11541.796875	-80.474663
11563.330078	-80.217194
11584.863281	-80.534698
11606.396484	-80.218613
11627.929688	-80.156250
11649.462891	-80.069046
11670.996094	-79.979340
11692.529297	-79.935005
11714.062500	-80.190651
11735.595703	-80.382713
11757.128906	-80.368141
11778.662109	-80.725136
11800.195312	-80.874390
11821.728516	-80.934937
11843.261719	-80.909180
11864.794922	-81.072792
11886.328125	-81.809250
11907.861328	-81.808693
11929.394531	-82.261490
11950.927734	-82.915230
11972.460938	-83.556602
11993.994141	-83.747269
12015.527344	-84.281830
12037.060547	-84.308311
12058.593750	-84.369102
12080.126953	-84.960037
12101.660156	-84.837852
12123.193359	-84.520348
12144.726562	-84.920586
12166.259766	-84.404099
12187.792969	-84.090538
12209.326172	-83.871002
12230.859375	-83.550148
12252.392578	-83.525162
12273.925781	-83.611313
12295.458984	-83.411613
12316.992188	-83.643867
12338.525391	-83.555328
12360.058594	-83.735443
12381.591797	-84.065018
12403.125000	-84.115417
12424.658203	-83.847633
12446.191406	-84.126381
12467.724609	-84.414841
12489.257812	-84.277473
12510.791016	-84.801178
12532.324219	-85.943192
12553.857422	-86.670479
12575.390625	-87.021507
12596.923828	-87.472649
12618.457031	-87.772476
12639.990234	-87.672691
12661.523438	-87.460411
12683.056641	-86.888489
12704.589844	-86.717392
12726.123047	-87.032982
12747.656250	-87.066551
12769.189453	-87.510017
12790.722656	-88.268814
12812.255859	-88.879936
12833.789062	-89.969215
12855.322266	-90.934433
12876.855469	-91.957802
12898.388672	-92.991913
12919.921875	-93.749626
12941.455078	-94.063744
12962.988281	-94.037727
12984.521484	-93.550568
13006.054688	-92.740173
13027.587891	-91.742706
13049.121094	-90.319405
13070.654297	-89.395325
13092.187500	-88.908699
13113.720703	-88.199875
13135.253906	-87.275711
13156.787109	-86.338440
13178.320312	-85.665710
13199.853516	-84.721153
13221.386719	-84.113647
13242.919922	-83.751907
13264.453125	-83.202339
13285.986328	-82.986000
13307.519531	-82.856407
13329.052734	-82.836067
13350.585938	-82.820023
13372.119141	-83.040520
13393.652344	-83.192871
13415.185547	-83.359421
13436.718750	-83.360458
13458.251953	-83.920967
13479.785156	-84.640823
13501.318359	-84.509529
13522.851562	-84.940216
13544.384766	-85.769104
13565.917969	-85.994827
13587.451172	-85.957222
13608.984375	-86.032822
13630.517578	-86.545860
13652.050781	-86.773514
13673.583984	-86.784508
13695.117188	-86.853577
13716.650391	-86.957397
13738.183594	-86.802780
13759.716797	-86.986038
13781.250000	-87.104141
13802.783203	-87.310242
13824.316406	-87.285736
13845.849609	-87.643661
13867.382812	-88.315948
13888.916016	-88.491867
13910.449219	-89.322937
13931.982422	-90.109596
13953.515625	-90.560135
13975.048828	-91.043922
13996.582031	-91.465828
14018.115234	-91.682114
14039.648438	-91.886398
14061.181641	-92.521576
14082.714844	-93.317123
14104.248047	-93.653206
14125.781250	-94.114830
14147.314453	-94.325256
14168.847656	-95.079468
14190.380859	-95.906624
14211.914062	-96.910431
14233.447266	-97.339195
14254.980469	-98.400917
14276.513672	-100.778465
14298.046875	-102.721611
14319.580078	-104.251511
14341.113281	-104.288612
14362.646484	-105.078217
14384.179688	-104.410370
14405.712891	-102.826790
14427.246094	-101.237907
14448.779297	-99.503990
14470.312500	-98.765129
14491.845703	-98.197929
14513.378906	-97.788460
14534.912109	-97.190186
14556.445312	-96.283264
14577.978516	-96.555473
14599.511719	-96.646477
14621.044922	-96.635635
14642.578125	-96.870621
14664.111328	-97.377136
14685.644531	-97.888802
14707.177734	-98.215591
14728.710938	-98.696312
14750.244141	-98.495644
14771.777344	-99.423126
14793.310547	-100.193352
14814.843750	-100.067719
14836.376953	-99.329475
14857.910156	-98.101173
14879.443359	-97.185226
14900.976562	-96.248337
14922.509766	-95.383698
14944.042969	-93.861214
14965.576172	-93.110580
14987.109375	-91.997734
15008.642578	-91.631409
15030.175781	-91.197388
15051.708984	-90.469116
15073.242188	-90.095474
15094.775391	-89.334106
15116.308594	-88.929596
15137.841797	-88.857269
15159.375000	-88.877975
15180.908203	-88.376030
15202.441406	-88.258209
15223.974609	-88.256966
15245.507812	-87.916245
15267.041016	-88.062836
15288.574219	-88.389984
15310.107422	-88.098625
15331.640625	-88.103012
15353.173828	-88.091621
15374.707031	-87.982018
15396.240234	-88.079819
15417.773438	-88.204559
15439.306641	-88.449532
15460.839844	-88.332764
15482.373047	-88.788132
15503.906250	-88.779419
15525.439453	-88.929482
15546.972656	-89.141617
15568.505859	-89.377197
15590.039062	-89.427620
15611.572266	-89.372917
15633.105469	-89.696251
15654.638672	-89.883980
15676.171875	-90.328659
15697.705078	-90.373566
15719.238281	-90.692497
15740.771484	-90.495743
15762.304688	-90.978432
15783.837891	-91.530861
15805.371094	-91.828506
15826.904297	-92.123230
15848.437500	-92.015694
15869.970703	-92.893234
15891.503906	-93.585724
15913.037109	-94.390884
15934.570312	-94.749802
15956.103516	-95.049721
15977.636719	-95.385849
15999.169922	-95.858826
16020.703125	-95.975403
16042.236328	-95.879791
16063.769531	-96.172096
16085.302734	-96.095573
16106.835938	-95.905952
16128.369141	-95.448746
16149.902344	-94.883179
16171.435547	-94.403015
16192.968750	-94.023682
16214.501953	-93.885483
16236.035156	-93.566841
16257.568359	-92.927124
16279.101562	-92.671402
16300.634766	-92.755135
16322.167969	-92.762192
16343.701172	-92.527824
16365.234375	-92.430008
16386.767578	-91.874611
16408.300781	-91.870895
16429.833984	-92.117317
16451.367188	-91.912895
16472.900391	-92.090096
16494.433594	-92.484283
16515.966797	-92.747108
16537.500000	-92.589119
16559.033203	-92.947823
16580.566406	-93.887474
16602.099609	-93.970459
16623.632812	-94.033508
16645.166016	-94.356544
16666.699219	-94.984184
16688.232422	-95.192787
16709.765625	-95.389809
16731.298828	-95.925087
16752.832031	-95.705276
16774.365234	-96.356049
16795.898438	-97.190887
16817.431641	-97.518158
16838.964844	-96.906487
16860.498047	-97.644447
16882.031250	-98.846878
16903.564453	-99.563049
16925.097656	-100.042160
16946.630859	-99.431053
16968.164062	-100.431534
16989.697266	-100.804245
17011.230469	-101.167015
17032.763672	-100.444054
17054.296875	-100.707932
17075.830078	-102.041275
17097.363281	-101.843117
17118.896484	-101.872696
17140.429688	-100.877892
17161.962891	-101.436646
17183.496094	-101.871719
17205.029297	-101.034096
17226.562500	-100.536140
17248.095703	-100.006477
17269.628906	-100.792885
17291.162109	-100.212326
17312.695312	-100.039757
17334.228516	-99.074356
17355.761719	-98.937523
17377.294922	-99.382378
17398.828125	-99.018547
17420.361328	-98.967285
17441.894531	-97.756294
17463.427734	-97.728607
17484.960938	-97.896187
17506.494141	-97.766258
17528.027344	-97.568283
17549.560547	-96.708832
17571.093750	-97.260262
17592.626953	-97.670174
17614.160156	-97.688217
17635.693359	-96.888474
17657.226562	-97.078819
17678.759766	-97.847694
17700.292969	-97.849594
17721.826172	-98.073814
17743.359375	-97.823441
17764.892578	-98.137505
17786.425781	-97.881676
17807.958984	-97.892815
17829.492188	-97.861847
17851.025391	-97.480705
17872.558594	-98.036293
17894.091797	-97.836411
17915.625000	-97.914444
17937.158203	-97.506363
17958.691406	-96.309402
17980.224609	-91.133835
18001.757812	-93.215302
18023.291016	-97.875893
18044.824219	-97.533905
18066.357422	-97.854324
18087.890625	-97.739372
18109.423828	-97.703194
18130.957031	-96.898666
18152.490234	-96.431038
18174.023438	-97.405113
18195.556641	-97.255463
18217.089844	-97.160065
18238.623047	-96.400780
18260.156250	-97.012337
18281.689453	-96.814445
18303.222656	-96.666046
18324.755859	-96.217621
18346.289062	-95.476532
18367.822266	-96.347710
18389.355469	-95.971008
18410.888672	-96.232262
18432.421875	-95.333885
18453.955078	-94.700897
18475.488281	-95.588966
18497.021484	-95.929565
18518.554688	-96.072411
18540.087891	-95.422020
18561.621094	-95.844376
18583.154297	-96.216850
18604.687500	-95.941978
18626.220703	-95.779739
18647.753906	-95.437393
18669.287109	-96.621513
18690.820312	-96.700592
18712.353516	-97.023613
18733.886719	-96.538742
18755.419922	-96.383987
18776.953125	-97.006645
18798.486328	-97.372177
18820.019531	-97.552391
18841.552734	-96.677544
18863.085938	-97.584679
18884.619141	-97.720200
18906.152344	-97.854149
18927.685547	-98.052811
18949.218750	-97.258446
18970.751953	-97.592476
18992.285156	-97.789848
19013.818359	-98.170448
19035.351562	-97.038162
19056.884766	-96.938065
19078.417969	-97.662308
19099.951172	-96.983139
19121.484375	-97.123611
19143.017578	-96.035751
19164.550781	-96.785072
19186.083984	-97.036987
19207.617188	-97.380127
19229.150391	-97.226204
19250.683594	-96.409111
19272.216797	-97.048965
19293.750000	-97.030067
19315.283203	-97.066475
19336.816406	-96.572823
19358.349609	-97.014191
19379.882812	-97.279770
19401.416016	-97.101631
19422.949219	-96.875130
19444.482422	-95.809227
19466.015625	-96.713654
19487.548828	-97.223526
19509.082031	-97.111565
19530.615234	-96.416985
19552.148438	-96.199852
19573.681641	-97.097252
19595.214844	-97.152390
19616.748047	-97.095757
19638.281250	-96.026421
19659.814453	-96.516273
19681.347656	-97.216690
19702.880859	-97.010590
19724.414062	-96.833946
19745.947266	-96.264656
19767.480469	-96.770882
19789.013672	-97.035538
19810.546875	-97.108345
19832.080078	-96.754631
19853.613281	-96.826927
19875.146484	-97.420494
19896.679688	-97.033066
19918.212891	-97.126045
19939.746094	-95.678894
19961.279297	-96.363304
19982.812500	-97.048668
20004.345703	-96.782318
20025.878906	-96.964584
20047.412109	-96.950897
20068.945312	-97.583473
20090.478516	-96.830292
20112.011719	-97.276398
20133.544922	-97.463020
20155.078125	-97.192879
20176.611328	-97.450821
20198.144531	-97.852333
20219.677734	-98.005310
20241.210938	-97.755005
20262.744141	-97.920036
20284.277344	-97.861153
20305.810547	-97.850426
20327.343750	-97.317986
20348.876953	-96.742012
20370.410156	-97.938484
20391.943359	-97.950974
20413.476562	-98.333755
20435.009766	-98.292168
20456.542969	-98.121620
20478.076172	-98.242065
20499.609375	-97.976791
20521.142578	-98.347481
20542.675781	-98.569580
20564.208984	-98.627831
20585.742188	-98.387695
20607.275391	-98.393219
20628.808594	-98.360123
20650.341797	-97.974693
20671.875000	-98.455193
20693.408203	-98.891647
20714.941406	-99.125618
20736.474609	-98.944473
20758.007812	-99.203674
20779.541016	-99.396179
20801.074219	-99.334145
20822.607422	-99.303925
20844.140625	-99.464340
20865.673828	-99.867126
20887.207031	-99.790863
20908.740234	-100.032532
20930.273438	-100.116325
20951.806641	-100.083099
20973.339844	-100.440674
20994.873047	-100.696754
21016.406250	-100.810860
21037.939453	-100.580154
21059.472656	-100.972450
21081.005859	-101.293640
21102.539062	-101.544754
21124.072266	-101.506454
21145.605469	-101.745209
21167.138672	-101.771538
21188.671875	-101.665100
21210.205078	-101.846138
21231.738281	-102.117577
21253.271484	-102.203377
21274.804688	-101.883408
21296.337891	-101.786842
21317.871094	-102.242744
21339.404297	-102.262070
21360.937500	-102.292587
21382.470703	-102.165054
21404.003906	-102.169029
21425.537109	-102.456406
21447.070312	-102.145683
21468.603516	-102.203773
21490.136719	-102.253952
21511.669922	-102.175720
21533.203125	-102.230042
21554.736328	-102.549927
21576.269531	-102.784470
21597.802734	-102.484642
21619.335938	-102.228683
21640.869141	-101.801109
21662.402344	-102.082039
21683.935547	-102.470779
21705.468750	-102.245216
21727.001953	-101.862213
21748.535156	-101.852715
21770.068359	-102.144272
21791.601562	-102.280167
21813.134766	-102.516968
21834.667969	-102.133804
21856.201172	-102.084480
21877.734375	-102.414223
21899.267578	-102.393135
21920.800781	-102.161331
21942.333984	-102.159538
21963.867188	-102.139259
21985.400391	-102.161964
22006.933594	-102.372063
22028.466797	-102.324310
