Frequency (Hz)	Level (dB)
21.533203	-55.315750
43.066406	-44.667824
64.599609	-46.747177
86.132812	-63.117374
107.666016	-65.610954
129.199219	-75.066055
150.732422	-75.631035
172.265625	-79.630447
193.798828	-76.107155
215.332031	-78.989494
236.865234	-85.308060
258.398438	-82.137726
279.931641	-75.955009
301.464844	-72.081116
322.998047	-75.269669
344.531250	-68.503090
366.064453	-71.446304
387.597656	-80.249077
409.130859	-79.829071
430.664062	-77.347885
452.197266	-72.910042
473.730469	-79.645462
495.263672	-83.741753
516.796875	-87.378571
538.330078	-83.333351
559.863281	-82.947731
581.396484	-88.242928
602.929688	-84.132927
624.462891	-78.040764
645.996094	-70.355217
667.529297	-74.147415
689.062500	-88.569565
710.595703	-88.123245
732.128906	-80.024529
753.662109	-76.604897
775.195312	-84.184418
796.728516	-84.671143
818.261719	-88.131691
839.794922	-87.462708
861.328125	-87.913391
882.861328	-93.694969
904.394531	-92.980652
925.927734	-80.770035
947.460938	-73.535141
968.994141	-78.211411
990.527344	-89.336739
1012.060547	-90.242058
1033.593750	-93.289810
1055.126953	-91.093277
1076.660156	-94.922852
1098.193359	-94.792320
1119.726562	-94.290390
1141.259766	-85.939278
1162.792969	-86.913025
1184.326172	-94.081322
1205.859375	-92.128700
1227.392578	-86.984665
1248.925781	-82.896484
1270.458984	-86.845306
1291.992188	-90.639099
1313.525391	-92.787979
1335.058594	-90.491745
1356.591797	-89.172035
1378.125000	-96.791405
1399.658203	-96.375443
1421.191406	-99.640862
1442.724609	-98.426247
1464.257812	-100.026421
1485.791016	-96.538277
1507.324219	-95.283646
1528.857422	-94.677162
1550.390625	-89.694519
1571.923828	-93.002960
1593.457031	-89.970299
1614.990234	-88.653946
1636.523438	-88.341919
1658.056641	-88.757912
1679.589844	-89.607613
1701.123047	-89.159225
1722.656250	-88.945541
1744.189453	-85.719177
1765.722656	-86.212372
1787.255859	-86.008919
1808.789062	-84.278992
1830.322266	-82.861252
1851.855469	-82.007507
1873.388672	-81.090935
1894.921875	-79.873764
1916.455078	-78.554207
1937.988281	-76.513062
1959.521484	-74.492851
1981.054688	-71.804359
2002.587891	-68.905296
2024.121094	-65.596321
2045.654297	-62.716133
2067.187500	-61.781952
2088.720703	-61.985706
2110.253906	-62.228012
2131.787109	-63.149532
2153.320312	-65.136353
2174.853516	-67.754852
2196.386719	-69.485413
2217.919922	-70.861542
2239.453125	-72.501495
2260.986328	-73.915482
2282.519531	-74.463852
2304.052734	-75.077278
2325.585938	-75.944008
2347.119141	-76.516060
2368.652344	-77.328598
2390.185547	-77.380295
2411.718750	-77.217369
2433.251953	-77.698883
2454.785156	-78.713722
2476.318359	-80.040550
2497.851562	-81.020584
2519.384766	-81.285149
2540.917969	-81.831161
2562.451172	-82.294357
2583.984375	-82.782722
2605.517578	-83.503777
2627.050781	-84.172577
2648.583984	-84.020935
2670.117188	-84.823860
2691.650391	-86.268845
2713.183594	-87.083145
2734.716797	-88.301521
2756.250000	-88.675240
2777.783203	-87.546608
2799.316406	-86.609100
2820.849609	-86.147942
2842.382812	-85.999008
2863.916016	-85.930695
2885.449219	-86.443771
2906.982422	-87.308372
2928.515625	-89.453133
2950.048828	-91.347908
2971.582031	-91.471970
2993.115234	-90.776810
3014.648438	-89.427216
3036.181641	-87.136757
3057.714844	-85.632286
3079.248047	-84.963493
3100.781250	-84.419838
3122.314453	-85.512772
3143.847656	-88.007469
3165.380859	-91.937721
3186.914062	-98.940613
3208.447266	-96.945724
3229.980469	-89.700333
3251.513672	-84.363029
3273.046875	-79.587898
3294.580078	-75.602074
3316.113281	-72.596954
3337.646484	-71.070351
3359.179688	-71.352966
3380.712891	-72.459793
3402.246094	-73.738647
3423.779297	-74.635216
3445.312500	-74.515335
3466.845703	-75.178467
3488.378906	-75.745018
3509.912109	-75.876648
3531.445312	-76.551201
3552.978516	-77.810814
3574.511719	-78.586060
3596.044922	-78.976059
3617.578125	-80.320946
3639.111328	-81.860878
3660.644531	-82.843895
3682.177734	-83.068489
3703.710938	-84.042397
3725.244141	-84.855972
3746.777344	-84.396736
3768.310547	-84.576195
3789.843750	-85.117844
3811.376953	-85.388367
3832.910156	-85.110916
3854.443359	-84.392601
3875.976562	-83.314064
3897.509766	-82.369400
3919.042969	-81.697166
3940.576172	-81.435440
3962.109375	-81.078316
3983.642578	-80.446709
4005.175781	-80.335373
4026.708984	-80.794556
4048.242188	-82.862907
4069.775391	-87.411011
4091.308594	-92.234352
4112.841797	-87.279800
4134.375000	-82.974785
4155.908203	-80.535889
4177.441406	-79.133476
4198.974609	-78.843658
4220.507812	-78.632965
4242.041016	-78.296631
4263.574219	-78.667587
4285.107422	-79.880501
4306.640625	-80.677994
4328.173828	-81.142540
4349.707031	-81.618904
4371.240234	-82.780304
4392.773438	-83.975609
4414.306641	-86.270576
4435.839844	-88.533157
4457.373047	-88.863029
4478.906250	-87.585899
4500.439453	-86.439346
4521.972656	-86.330750
4543.505859	-86.293739
4565.039062	-86.001770
4586.572266	-86.175400
4608.105469	-86.050964
4629.638672	-86.002739
4651.171875	-86.137199
4672.705078	-86.880844
4694.238281	-87.198105
4715.771484	-87.720131
4737.304688	-88.502327
4758.837891	-88.895065
4780.371094	-88.749504
4801.904297	-88.232994
4823.437500	-87.998528
4844.970703	-88.214577
4866.503906	-88.901108
4888.037109	-89.583443
4909.570312	-89.825340
4931.103516	-90.268120
4952.636719	-90.976410
4974.169922	-92.083145
4995.703125	-92.963631
5017.236328	-93.524078
5038.769531	-94.413895
5060.302734	-94.919930
5081.835938	-95.557785
5103.369141	-95.782784
5124.902344	-94.530548
5146.435547	-91.279861
5167.968750	-88.332985
5189.501953	-86.609467
5211.035156	-85.560730
5232.568359	-84.631851
5254.101562	-84.746735
5275.634766	-86.107979
5297.167969	-86.917992
5318.701172	-87.650749
5340.234375	-88.237816
5361.767578	-89.645744
5383.300781	-91.483551
5404.833984	-94.122925
5426.367188	-97.495552
5447.900391	-95.776993
5469.433594	-92.361259
5490.966797	-90.989281
5512.500000	-90.465286
5534.033203	-90.015060
5555.566406	-89.417351
5577.099609	-88.863518
5598.632812	-86.514114
5620.166016	-82.967865
5641.699219	-80.106888
5663.232422	-77.452255
5684.765625	-75.093056
5706.298828	-73.432098
5727.832031	-72.263535
5749.365234	-71.094536
5770.898438	-70.417931
5792.431641	-69.782677
5813.964844	-70.057037
5835.498047	-69.905190
5857.031250	-69.717545
5878.564453	-69.453789
5900.097656	-69.856873
5921.630859	-70.219803
5943.164062	-70.992523
5964.697266	-72.488983
5986.230469	-73.771080
6007.763672	-74.693115
6029.296875	-74.649101
6050.830078	-73.791840
6072.363281	-72.720085
6093.896484	-71.204674
6115.429688	-70.012810
6136.962891	-69.584869
6158.496094	-69.439873
6180.029297	-69.575424
6201.562500	-70.031410
6223.095703	-70.821220
6244.628906	-72.236725
6266.162109	-72.714760
6287.695312	-73.555573
6309.228516	-74.234543
6330.761719	-74.560310
6352.294922	-74.151382
6373.828125	-74.223297
6395.361328	-74.055038
6416.894531	-73.532417
6438.427734	-73.208511
6459.960938	-73.221581
6481.494141	-73.713875
6503.027344	-74.129181
6524.560547	-74.834679
6546.093750	-75.962524
6567.626953	-76.590218
6589.160156	-77.492981
6610.693359	-78.162804
6632.226562	-78.847359
6653.759766	-79.372803
6675.292969	-79.302658
6696.826172	-78.367119
6718.359375	-77.786903
6739.892578	-78.236824
6761.425781	-78.080276
6782.958984	-78.480736
6804.492188	-78.542549
6826.025391	-78.773941
6847.558594	-78.780113
6869.091797	-78.423409
6890.625000	-78.532196
6912.158203	-78.372787
6933.691406	-78.097038
6955.224609	-78.022888
6976.757812	-78.298019
6998.291016	-78.473038
7019.824219	-78.922226
7041.357422	-79.226341
7062.890625	-79.424675
7084.423828	-79.779419
7105.957031	-79.995522
7127.490234	-80.906136
7149.023438	-82.109344
7170.556641	-83.197060
7192.089844	-83.750031
7213.623047	-85.026123
7235.156250	-86.426430
7256.689453	-88.050888
7278.222656	-89.383629
7299.755859	-90.521431
7321.289062	-91.688293
7342.822266	-92.253563
7364.355469	-92.853142
7385.888672	-92.851013
7407.421875	-92.732857
7428.955078	-92.491058
7450.488281	-92.468979
7472.021484	-92.166946
7493.554688	-91.090950
7515.087891	-89.660194
7536.621094	-88.261314
7558.154297	-87.034241
7579.687500	-86.418442
7601.220703	-86.465279
7622.753906	-86.154053
7644.287109	-86.446861
7665.820312	-86.726501
7687.353516	-87.573685
7708.886719	-88.625839
7730.419922	-90.426384
7751.953125	-92.065857
7773.486328	-93.533272
7795.019531	-95.666519
7816.552734	-97.344620
7838.085938	-98.218277
7859.619141	-98.458427
7881.152344	-97.942368
7902.685547	-96.972343
7924.218750	-95.957237
7945.751953	-94.919533
7967.285156	-95.089134
7988.818359	-95.990219
8010.351562	-96.697182
8031.884766	-97.732529
8053.417969	-99.182991
8074.951172	-101.880089
8096.484375	-103.638786
8118.017578	-102.921051
8139.550781	-101.336769
8161.083984	-100.861351
8182.617188	-100.759476
8204.150391	-101.509254
8225.683594	-101.492218
8247.216797	-101.240875
8268.750000	-101.863312
8290.283203	-101.860886
8311.816406	-101.525673
8333.349609	-99.975777
8354.882812	-98.683167
8376.416016	-98.354042
8397.949219	-97.488037
8419.482422	-96.779831
8441.015625	-96.035149
8462.548828	-95.026787
8484.082031	-94.038704
8505.615234	-93.035110
8527.148438	-91.569618
8548.681641	-91.435356
8570.214844	-90.512764
8591.748047	-89.496078
8613.281250	-89.306084
8634.814453	-89.169479
8656.347656	-88.918106
8677.880859	-88.714462
8699.414062	-89.300674
8720.947266	-90.132545
8742.480469	-91.359360
8764.013672	-92.397957
8785.546875	-92.706154
8807.080078	-93.714325
8828.613281	-93.802734
8850.146484	-93.758446
8871.679688	-93.923531
8893.212891	-93.936295
8914.746094	-93.958382
8936.279297	-93.940086
8957.812500	-93.931847
8979.345703	-93.994308
9000.878906	-93.768372
9022.412109	-94.053490
9043.945312	-94.074203
9065.478516	-93.844994
9087.011719	-93.969376
9108.544922	-93.845627
9130.078125	-93.482185
9151.611328	-93.547844
9173.144531	-94.027496
9194.677734	-94.649849
9216.210938	-96.090637
9237.744141	-97.154305
9259.277344	-97.280746
9280.810547	-96.119537
9302.343750	-95.116653
9323.876953	-93.472069
9345.410156	-91.727951
9366.943359	-90.684235
9388.476562	-89.709862
9410.009766	-89.003044
9431.542969	-89.096611
9453.076172	-88.892181
9474.609375	-88.908836
9496.142578	-89.204048
9517.675781	-89.478416
9539.208984	-89.875671
9560.742188	-90.677132
9582.275391	-91.985558
9603.808594	-92.494507
9625.341797	-92.963898
9646.875000	-92.918068
9668.408203	-92.282310
9689.941406	-91.606049
9711.474609	-91.426285
9733.007812	-91.100166
9754.541016	-90.586441
9776.074219	-90.100548
9797.607422	-89.490440
9819.140625	-88.887268
9840.673828	-88.461456
9862.207031	-88.413765
9883.740234	-88.262100
9905.273438	-88.549530
9926.806641	-88.106964
9948.339844	-87.700920
9969.873047	-88.123520
9991.406250	-88.256454
10012.939453	-88.295601
10034.472656	-88.773590
10056.005859	-88.879150
10077.539062	-89.275192
10099.072266	-89.804993
10120.605469	-89.611511
10142.138672	-89.200974
10163.671875	-89.051376
10185.205078	-89.081757
10206.738281	-88.428925
10228.271484	-87.989937
10249.804688	-87.235481
10271.337891	-86.347908
10292.871094	-85.610367
10314.404297	-84.959648
10335.937500	-84.806778
10357.470703	-84.802460
10379.003906	-84.838638
10400.537109	-84.976868
10422.070312	-84.659309
10443.603516	-84.439499
10465.136719	-84.864876
10486.669922	-84.956726
10508.203125	-85.295799
10529.736328	-86.015938
10551.269531	-86.691795
10572.802734	-87.541321
10594.335938	-88.398079
10615.869141	-89.374557
10637.402344	-90.244698
10658.935547	-91.275314
10680.468750	-91.810539
10702.001953	-91.507065
10723.535156	-90.600319
10745.068359	-90.389183
10766.601562	-90.376915
10788.134766	-89.754471
10809.667969	-89.841934
10831.201172	-89.844582
10852.734375	-89.438416
10874.267578	-89.886246
10895.800781	-90.235657
10917.333984	-90.597900
10938.867188	-91.565659
10960.400391	-92.927605
10981.933594	-94.592674
11003.466797	-95.619659
11025.000000	-96.947403
11046.533203	-98.543602
11068.066406	-100.485603
11089.599609	-101.083214
11111.132812	-100.759270
11132.666016	-99.194389
11154.199219	-97.263260
11175.732422	-95.460159
11197.265625	-93.878250
11218.798828	-91.475571
11240.332031	-89.920166
11261.865234	-89.010490
11283.398438	-87.802147
11304.931641	-86.797501
11326.464844	-86.107124
11347.998047	-85.078896
11369.531250	-84.422966
11391.064453	-83.399445
11412.597656	-83.095238
11434.130859	-82.754974
11455.664062	-82.458572
11477.197266	-82.224915
11498.730469	-81.540359
11520.263672	-81.383278
11541.796875	-80.735237
11563.330078	-80.671181
11584.863281	-81.072052
11606.396484	-80.688103
11627.929688	-80.554306
11649.462891	-80.567375
11670.996094	-80.649193
11692.529297	-80.312401
11714.062500	-80.531334
11735.595703	-80.818848
11757.128906	-80.862091
11778.662109	-81.082634
11800.195312	-81.184326
11821.728516	-81.112923
11843.261719	-81.158791
11864.794922	-81.670815
11886.328125	-81.853485
11907.861328	-82.201012
11929.394531	-82.698074
11950.927734	-83.416313
11972.460938	-84.158005
11993.994141	-84.493805
12015.527344	-84.812592
12037.060547	-85.206520
12058.593750	-85.672318
12080.126953	-86.349754
12101.660156	-86.196831
12123.193359	-86.129478
12144.726562	-86.255562
12166.259766	-85.760361
12187.792969	-85.397507
12209.326172	-85.000961
12230.859375	-84.692474
12252.392578	-84.528671
12273.925781	-84.492256
12295.458984	-84.416351
12316.992188	-84.376045
12338.525391	-84.305573
12360.058594	-84.513008
12381.591797	-84.791092
12403.125000	-84.591812
12424.658203	-84.383591
12446.191406	-84.502228
12467.724609	-84.932480
12489.257812	-84.954834
12510.791016	-85.445198
12532.324219	-86.274849
12553.857422	-86.908264
12575.390625	-87.274483
12596.923828	-87.719498
12618.457031	-88.064041
12639.990234	-87.903618
12661.523438	-87.401703
12683.056641	-86.716476
12704.589844	-86.437706
12726.123047	-86.502205
12747.656250	-86.365021
12769.189453	-86.436401
12790.722656	-86.855659
12812.255859	-87.354469
12833.789062	-87.769905
12855.322266	-88.625343
12876.855469	-89.124046
12898.388672	-89.904861
12919.921875	-90.830933
12941.455078	-91.573471
12962.988281	-91.387390
12984.521484	-91.114578
13006.054688	-90.835503
13027.587891	-90.290916
13049.121094	-88.992981
13070.654297	-88.313148
13092.187500	-88.013779
13113.720703	-87.492950
13135.253906	-86.872231
13156.787109	-86.348969
13178.320312	-85.750763
13199.853516	-84.837097
13221.386719	-84.351723
13242.919922	-83.745979
13264.453125	-83.285843
13285.986328	-83.124573
13307.519531	-83.264229
13329.052734	-83.421844
13350.585938	-83.118225
13372.119141	-83.365211
13393.652344	-83.499130
13415.185547	-83.551804
13436.718750	-83.875267
13458.251953	-84.456627
13479.785156	-84.923492
13501.318359	-85.010124
13522.851562	-85.430374
13544.384766	-86.426048
13565.917969	-86.544167
13587.451172	-86.539383
13608.984375	-87.042397
13630.517578	-87.759773
13652.050781	-88.068230
13673.583984	-88.408150
13695.117188	-88.783150
13716.650391	-88.508087
13738.183594	-88.629387
13759.716797	-88.831810
13781.250000	-89.070724
13802.783203	-89.513351
13824.316406	-89.592445
13845.849609	-89.628204
13867.382812	-90.276329
13888.916016	-90.600586
13910.449219	-91.445419
13931.982422	-92.365730
13953.515625	-92.815773
13975.048828	-93.774940
13996.582031	-94.151077
14018.115234	-94.289207
14039.648438	-94.354912
14061.181641	-95.013115
14082.714844	-95.481247
14104.248047	-95.644218
14125.781250	-95.866112
14147.314453	-95.886337
14168.847656	-96.386391
14190.380859	-96.752258
14211.914062	-97.446983
14233.447266	-97.470665
14254.980469	-98.283150
14276.513672	-100.291084
14298.046875	-102.218460
14319.580078	-103.373260
14341.113281	-102.970535
14362.646484	-106.181046
14384.179688	-109.565453
14405.712891	-108.541161
14427.246094	-106.068428
14448.779297	-103.199638
14470.312500	-101.029869
14491.845703	-99.601929
14513.378906	-98.839272
14534.912109	-97.821106
14556.445312	-96.888390
14577.978516	-96.735847
14599.511719	-96.524475
14621.044922	-96.117035
14642.578125	-95.469650
14664.111328	-95.947090
14685.644531	-96.334427
14707.177734	-96.361725
14728.710938	-96.761665
14750.244141	-97.085266
14771.777344	-97.635101
14793.310547	-98.066742
14814.843750	-98.134659
14836.376953	-97.331673
14857.910156	-96.896996
14879.443359	-96.485825
14900.976562	-95.876648
14922.509766	-95.079491
14944.042969	-94.221413
14965.576172	-93.439011
14987.109375	-92.292450
15008.642578	-91.530991
15030.175781	-91.042900
15051.708984	-90.231804
15073.242188	-89.915283
15094.775391	-89.293129
15116.308594	-88.687401
15137.841797	-88.459175
15159.375000	-88.511414
15180.908203	-88.045494
15202.441406	-88.008476
15223.974609	-87.935867
15245.507812	-87.688843
15267.041016	-87.746964
15288.574219	-88.095985
15310.107422	-87.865097
15331.640625	-87.881966
15353.173828	-87.431244
15374.707031	-87.578568
15396.240234	-87.639900
15417.773438	-87.784569
15439.306641	-88.213837
15460.839844	-88.322853
15482.373047	-88.474098
15503.906250	-88.609398
15525.439453	-88.758575
15546.972656	-88.606392
15568.505859	-89.013405
15590.039062	-89.070084
15611.572266	-88.985886
15633.105469	-89.155479
15654.638672	-89.443825
15676.171875	-89.602371
15697.705078	-89.779106
15719.238281	-90.068069
15740.771484	-89.951561
15762.304688	-90.122917
15783.837891	-90.629120
15805.371094	-91.121910
15826.904297	-91.344894
15848.437500	-91.207787
15869.970703	-91.934700
15891.503906	-92.751755
15913.037109	-93.433151
15934.570312	-93.587967
15956.103516	-93.916290
15977.636719	-94.494995
15999.169922	-94.562943
16020.703125	-94.920540
16042.236328	-94.698792
16063.769531	-94.389236
16085.302734	-94.552582
16106.835938	-94.123611
16128.369141	-93.492912
16149.902344	-93.203239
16171.435547	-93.026764
16192.968750	-92.431648
16214.501953	-92.339508
16236.035156	-91.991234
16257.568359	-91.620697
16279.101562	-91.526390
16300.634766	-91.585716
16322.167969	-91.737045
16343.701172	-91.432320
16365.234375	-91.092781
16386.767578	-90.725220
16408.300781	-90.902184
16429.833984	-90.898003
16451.367188	-90.640518
16472.900391	-90.641304
16494.433594	-91.078781
16515.966797	-91.305077
16537.500000	-91.564865
16559.033203	-91.973930
16580.566406	-92.608673
16602.099609	-92.790817
16623.632812	-93.181152
16645.166016	-93.415565
16666.699219	-94.080162
16688.232422	-94.231262
16709.765625	-94.479706
16731.298828	-95.318169
16752.832031	-95.661102
16774.365234	-96.212837
16795.898438	-96.685715
16817.431641	-97.129189
16838.964844	-96.819038
16860.498047	-97.824928
16882.031250	-98.876404
16903.564453	-99.437851
16925.097656	-99.435593
16946.630859	-98.574646
16968.164062	-100.130287
16989.697266	-100.696640
17011.230469	-101.021172
17032.763672	-100.982170
17054.296875	-100.984665
17075.830078	-101.380547
17097.363281	-101.147804
17118.896484	-101.163261
17140.429688	-100.147987
17161.962891	-100.821190
17183.496094	-100.948036
17205.029297	-100.987755
17226.562500	-100.508682
17248.095703	-99.900696
17269.628906	-100.062759
17291.162109	-99.596970
17312.695312	-98.904495
17334.228516	-98.111282
17355.761719	-97.966110
17377.294922	-98.221283
17398.828125	-97.731888
17420.361328	-97.397316
17441.894531	-96.495575
17463.427734	-96.958817
17484.960938	-96.861679
17506.494141	-97.332008
17528.027344	-97.018883
17549.560547	-96.560944
17571.093750	-96.701408
17592.626953	-96.740822
17614.160156	-97.050697
17635.693359	-96.343094
17657.226562	-96.573944
17678.759766	-97.150467
17700.292969	-97.211624
17721.826172	-97.123909
17743.359375	-96.281105
17764.892578	-97.548164
17786.425781	-97.566467
17807.958984	-97.640259
17829.492188	-97.433861
17851.025391	-97.438919
17872.558594	-97.814995
17894.091797	-97.329132
17915.625000	-97.353363
17937.158203	-96.599380
17958.691406	-96.094772
17980.224609	-91.439026
18001.757812	-93.490868
18023.291016	-97.262184
18044.824219	-96.726517
18066.357422	-97.615814
18087.890625	-97.631866
18109.423828	-97.773125
18130.957031	-97.031670
18152.490234	-96.754807
18174.023438	-97.181206
18195.556641	-96.762405
18217.089844	-96.674225
18238.623047	-95.673950
18260.156250	-96.220169
18281.689453	-96.289246
18303.222656	-96.504700
18324.755859	-96.333084
18346.289062	-95.496864
18367.822266	-96.090263
18389.355469	-96.268387
18410.888672	-96.005760
18432.421875	-95.199966
18453.955078	-94.993019
18475.488281	-95.868790
18497.021484	-95.669022
18518.554688	-95.854225
18540.087891	-95.520485
18561.621094	-96.056335
18583.154297	-96.183426
18604.687500	-96.194435
18626.220703	-95.953415
18647.753906	-95.945213
18669.287109	-96.885323
18690.820312	-96.876694
18712.353516	-97.087029
18733.886719	-96.464951
18755.419922	-96.785416
18776.953125	-97.555588
18798.486328	-97.385345
18820.019531	-97.542198
18841.552734	-96.973206
18863.085938	-97.676140
18884.619141	-97.868813
18906.152344	-98.273758
18927.685547	-97.356514
18949.218750	-96.719635
18970.751953	-98.024574
18992.285156	-98.292267
19013.818359	-98.118919
19035.351562	-96.550728
19056.884766	-96.776924
19078.417969	-97.874435
19099.951172	-97.590752
19121.484375	-97.062485
19143.017578	-95.990990
19164.550781	-96.824898
19186.083984	-97.160301
19207.617188	-97.272896
19229.150391	-95.923210
19250.683594	-95.856537
19272.216797	-97.126602
19293.750000	-97.124786
19315.283203	-97.350113
19336.816406	-96.562767
19358.349609	-97.048241
19379.882812	-97.302872
19401.416016	-97.396461
19422.949219	-97.309494
19444.482422	-96.599594
19466.015625	-97.292099
19487.548828	-97.297089
19509.082031	-97.475975
19530.615234	-96.518616
19552.148438	-96.401741
19573.681641	-97.165634
19595.214844	-97.183197
19616.748047	-97.107742
19638.281250	-96.189209
19659.814453	-96.651535
19681.347656	-97.158623
19702.880859	-97.009903
19724.414062	-96.517426
19745.947266	-95.977043
19767.480469	-96.958069
19789.013672	-97.195381
19810.546875	-97.156906
19832.080078	-96.531746
19853.613281	-96.708961
19875.146484	-96.639557
19896.679688	-96.422318
19918.212891	-96.853821
19939.746094	-96.059555
19961.279297	-96.725037
19982.812500	-97.256424
20004.345703	-96.991112
20025.878906	-96.667969
20047.412109	-96.461388
20068.945312	-97.062912
20090.478516	-96.863289
20112.011719	-97.211220
20133.544922	-97.027832
20155.078125	-97.386757
20176.611328	-97.814659
20198.144531	-97.343620
20219.677734	-97.059822
20241.210938	-96.544395
20262.744141	-97.220047
20284.277344	-97.865646
20305.810547	-97.881050
20327.343750	-97.752258
20348.876953	-97.512383
20370.410156	-97.822411
20391.943359	-97.947151
20413.476562	-98.198883
20435.009766	-97.576416
20456.542969	-97.962715
20478.076172	-98.395294
20499.609375	-98.455429
20521.142578	-98.459526
20542.675781	-98.057838
20564.208984	-98.273933
20585.742188	-98.410843
20607.275391	-98.762543
20628.808594	-98.582718
20650.341797	-98.300217
20671.875000	-98.615372
20693.408203	-98.662918
20714.941406	-99.168007
20736.474609	-98.759583
20758.007812	-99.058449
20779.541016	-99.227058
20801.074219	-99.149277
20822.607422	-99.266335
20844.140625	-99.365585
20865.673828	-99.410835
20887.207031	-99.589676
20908.740234	-100.031113
20930.273438	-100.213692
20951.806641	-100.205612
20973.339844	-100.520004
20994.873047	-100.508636
21016.406250	-100.979034
21037.939453	-100.920654
21059.472656	-100.953079
21081.005859	-101.049271
21102.539062	-101.278648
21124.072266	-101.577179
21145.605469	-101.759995
21167.138672	-101.764603
21188.671875	-101.632492
21210.205078	-101.820114
21231.738281	-102.090538
21253.271484	-102.118454
21274.804688	-101.933502
21296.337891	-102.025764
21317.871094	-102.378876
21339.404297	-102.299774
21360.937500	-102.127617
21382.470703	-102.186203
21404.003906	-101.975838
21425.537109	-102.221146
21447.070312	-102.313332
21468.603516	-102.428017
21490.136719	-102.253845
21511.669922	-102.429535
21533.203125	-102.461136
21554.736328	-102.344643
21576.269531	-102.188942
21597.802734	-102.140892
21619.335938	-102.315361
21640.869141	-102.696381
21662.402344	-102.550133
21683.935547	-102.375587
21705.468750	-102.145340
21727.001953	-102.113976
21748.535156	-102.132301
21770.068359	-102.170891
21791.601562	-101.987671
21813.134766	-102.015488
21834.667969	-101.967201
21856.201172	-102.419662
21877.734375	-102.361549
21899.267578	-102.122177
21920.800781	-102.052567
21942.333984	-102.193825
21963.867188	-102.122330
21985.400391	-102.084579
22006.933594	-102.547760
22028.466797	-102.427170
