Frequency (Hz)	Level (dB)
21.533203	-57.580441
43.066406	-46.925217
64.599609	-48.987152
86.132812	-64.383087
107.666016	-65.757362
129.199219	-75.572319
150.732422	-76.232765
172.265625	-79.846848
193.798828	-75.567360
215.332031	-76.019035
236.865234	-78.210342
258.398438	-74.413712
279.931641	-68.851288
301.464844	-67.624802
322.998047	-71.611298
344.531250	-69.395752
366.064453	-71.848427
387.597656	-76.652290
409.130859	-78.862480
430.664062	-77.681885
452.197266	-73.192177
473.730469	-79.611244
495.263672	-77.409447
516.796875	-75.213356
538.330078	-77.563194
559.863281	-78.580551
581.396484	-80.269402
602.929688	-81.155350
624.462891	-82.360794
645.996094	-78.090271
667.529297	-81.385284
689.062500	-88.538353
710.595703	-89.035034
732.128906	-86.509125
753.662109	-83.507523
775.195312	-86.245155
796.728516	-83.255989
818.261719	-85.546005
839.794922	-85.722198
861.328125	-85.715294
882.861328	-87.007996
904.394531	-86.261124
925.927734	-84.828041
947.460938	-78.174210
968.994141	-82.292656
990.527344	-86.954338
1012.060547	-86.614380
1033.593750	-85.734032
1055.126953	-83.679436
1076.660156	-86.600182
1098.193359	-85.912971
1119.726562	-86.103462
1141.259766	-84.642464
1162.792969	-84.208244
1184.326172	-85.257637
1205.859375	-85.766365
1227.392578	-84.489891
1248.925781	-79.739578
1270.458984	-85.023659
1291.992188	-90.722641
1313.525391	-91.246597
1335.058594	-91.756203
1356.591797	-90.051903
1378.125000	-92.837440
1399.658203	-91.835960
1421.191406	-91.293037
1442.724609	-87.067116
1464.257812	-87.589325
1485.791016	-87.881622
1507.324219	-87.219864
1528.857422	-89.595703
1550.390625	-88.720718
1571.923828	-92.383545
1593.457031	-94.810463
1614.990234	-93.332016
1636.523438	-88.254845
1658.056641	-85.869980
1679.589844	-84.534737
1701.123047	-83.494690
1722.656250	-83.243729
1744.189453	-82.409874
1765.722656	-82.251564
1787.255859	-81.705872
1808.789062	-80.546532
1830.322266	-79.426575
1851.855469	-77.817413
1873.388672	-76.678268
1894.921875	-75.395187
1916.455078	-73.892570
1937.988281	-71.102951
1959.521484	-68.218536
1981.054688	-66.607758
2002.587891	-66.322830
2024.121094	-67.467552
2045.654297	-68.192551
2067.187500	-68.799530
2088.720703	-69.618881
2110.253906	-71.146706
2131.787109	-73.433472
2153.320312	-76.954102
2174.853516	-81.054962
2196.386719	-83.057777
2217.919922	-83.489716
2239.453125	-83.620430
2260.986328	-84.080231
2282.519531	-84.927933
2304.052734	-86.691048
2325.585938	-89.055428
2347.119141	-88.873291
2368.652344	-92.731857
2390.185547	-95.829002
2411.718750	-96.298134
2433.251953	-96.068443
2454.785156	-94.325691
2476.318359	-98.647217
2497.851562	-98.103760
2519.384766	-101.091972
2540.917969	-103.015068
2562.451172	-103.017509
2583.984375	-100.426315
2605.517578	-96.621040
2627.050781	-94.363503
2648.583984	-91.971992
2670.117188	-91.531891
2691.650391	-90.925079
2713.183594	-89.936867
2734.716797	-89.239807
2756.250000	-88.784721
2777.783203	-87.790321
2799.316406	-86.414955
2820.849609	-85.950966
2842.382812	-86.330772
2863.916016	-87.270218
2885.449219	-88.250214
2906.982422	-88.201111
2928.515625	-87.961792
2950.048828	-86.810173
2971.582031	-84.652710
2993.115234	-82.873596
3014.648438	-82.269539
3036.181641	-81.620796
3057.714844	-81.269417
3079.248047	-82.075485
3100.781250	-82.420097
3122.314453	-83.429489
3143.847656	-84.844223
3165.380859	-86.136581
3186.914062	-87.928001
3208.447266	-88.212219
3229.980469	-86.857536
3251.513672	-85.590172
3273.046875	-84.962357
3294.580078	-83.832573
3316.113281	-83.531242
3337.646484	-82.208351
3359.179688	-80.898582
3380.712891	-81.106049
3402.246094	-81.583679
3423.779297	-82.407959
3445.312500	-82.910217
3466.845703	-83.755623
3488.378906	-84.664902
3509.912109	-85.470390
3531.445312	-87.021400
3552.978516	-88.961609
3574.511719	-91.437256
3596.044922	-94.511986
3617.578125	-94.803146
3639.111328	-91.904739
3660.644531	-88.826790
3682.177734	-87.087334
3703.710938	-86.472801
3725.244141	-85.930199
3746.777344	-84.465065
3768.310547	-82.974701
3789.843750	-81.728012
3811.376953	-80.302269
3832.910156	-79.126419
3854.443359	-77.732498
3875.976562	-77.017624
3897.509766	-77.402161
3919.042969	-79.015007
3940.576172	-81.221428
3962.109375	-83.556694
3983.642578	-85.406738
4005.175781	-85.875076
4026.708984	-84.110710
4048.242188	-82.417313
4069.775391	-81.522308
4091.308594	-82.123833
4112.841797	-82.907310
4134.375000	-83.205322
4155.908203	-82.556137
4177.441406	-81.525513
4198.974609	-80.601151
4220.507812	-79.880699
4242.041016	-79.496346
4263.574219	-80.065262
4285.107422	-81.215652
4306.640625	-82.525291
4328.173828	-83.930336
4349.707031	-85.827400
4371.240234	-88.514870
4392.773438	-90.653847
4414.306641	-89.788551
4435.839844	-86.399887
4457.373047	-83.447845
4478.906250	-80.758385
4500.439453	-78.934517
4521.972656	-77.802841
4543.505859	-76.198387
4565.039062	-74.680916
4586.572266	-73.812523
4608.105469	-72.801781
4629.638672	-72.223396
4651.171875	-71.834816
4672.705078	-71.575645
4694.238281	-71.474464
4715.771484	-71.279808
4737.304688	-71.286781
4758.837891	-71.446709
4780.371094	-71.632309
4801.904297	-71.970924
4823.437500	-72.306686
4844.970703	-73.284370
4866.503906	-74.335571
4888.037109	-76.104065
4909.570312	-77.434509
4931.103516	-78.365067
4952.636719	-78.664391
4974.169922	-77.709084
4995.703125	-75.657768
5017.236328	-73.903534
5038.769531	-72.739853
5060.302734	-71.905708
5081.835938	-71.042488
5103.369141	-70.313118
5124.902344	-69.940308
5146.435547	-69.397842
5167.968750	-69.190002
5189.501953	-69.514938
5211.035156	-70.046387
5232.568359	-69.851662
5254.101562	-70.187294
5275.634766	-71.175262
5297.167969	-72.320641
5318.701172	-74.205238
5340.234375	-76.448097
5361.767578	-78.706581
5383.300781	-81.159843
5404.833984	-85.763718
5426.367188	-90.262772
5447.900391	-85.695107
5469.433594	-82.520721
5490.966797	-81.412346
5512.500000	-80.079468
5534.033203	-77.254173
5555.566406	-74.029182
5577.099609	-71.737511
5598.632812	-69.437828
5620.166016	-67.616226
5641.699219	-66.374695
5663.232422	-65.681252
5684.765625	-65.072220
5706.298828	-65.017456
5727.832031	-64.834511
5749.365234	-64.769852
5770.898438	-64.808990
5792.431641	-64.870911
5813.964844	-65.642151
5835.498047	-66.570595
5857.031250	-67.868889
5878.564453	-69.325439
5900.097656	-71.171928
5921.630859	-72.919083
5943.164062	-73.334839
5964.697266	-73.112839
5986.230469	-73.157623
6007.763672	-73.683098
6029.296875	-74.011513
6050.830078	-73.535614
6072.363281	-73.170204
6093.896484	-72.947929
6115.429688	-73.127495
6136.962891	-74.174690
6158.496094	-75.764000
6180.029297	-77.926392
6201.562500	-81.473518
6223.095703	-86.819153
6244.628906	-88.502838
6266.162109	-82.946243
6287.695312	-79.879173
6309.228516	-78.266197
6330.761719	-77.530273
6352.294922	-76.973679
6373.828125	-77.417999
6395.361328	-77.774803
6416.894531	-77.822006
6438.427734	-77.373367
6459.960938	-77.138687
6481.494141	-76.918091
6503.027344	-76.738503
6524.560547	-76.826927
6546.093750	-76.981689
6567.626953	-77.158150
6589.160156	-77.594833
6610.693359	-78.285393
6632.226562	-78.995239
6653.759766	-79.555290
6675.292969	-79.943222
6696.826172	-79.154755
6718.359375	-78.463081
6739.892578	-78.193245
6761.425781	-77.805733
6782.958984	-78.309074
6804.492188	-78.492966
6826.025391	-78.990463
6847.558594	-79.504730
6869.091797	-79.518806
6890.625000	-80.175438
6912.158203	-80.568481
6933.691406	-80.922989
6955.224609	-81.574745
6976.757812	-82.969292
6998.291016	-84.285316
7019.824219	-86.610306
7041.357422	-89.542931
7062.890625	-93.281960
7084.423828	-95.879478
7105.957031	-92.766586
7127.490234	-89.383583
7149.023438	-86.932968
7170.556641	-84.898468
7192.089844	-82.980988
7213.623047	-82.227455
7235.156250	-82.016670
7256.689453	-82.142982
7278.222656	-81.893478
7299.755859	-82.167038
7321.289062	-82.959679
7342.822266	-83.364120
7364.355469	-84.442650
7385.888672	-85.927826
7407.421875	-87.327209
7428.955078	-89.159180
7450.488281	-91.558075
7472.021484	-94.535194
7493.554688	-97.296234
7515.087891	-98.549400
7536.621094	-96.352737
7558.154297	-93.738708
7579.687500	-92.278152
7601.220703	-90.736404
7622.753906	-88.808632
7644.287109	-87.570854
7665.820312	-86.901825
7687.353516	-86.739738
7708.886719	-86.441353
7730.419922	-86.645943
7751.953125	-86.689613
7773.486328	-86.354858
7795.019531	-86.980377
7816.552734	-86.791931
7838.085938	-86.615746
7859.619141	-86.857491
7881.152344	-87.125084
7902.685547	-87.088287
7924.218750	-87.019592
7945.751953	-86.950798
7967.285156	-87.068665
7988.818359	-87.470833
8010.351562	-87.703346
8031.884766	-87.855019
8053.417969	-87.402718
8074.951172	-86.583092
8096.484375	-86.197784
8118.017578	-85.782196
8139.550781	-85.226631
8161.083984	-84.877060
8182.617188	-84.341812
8204.150391	-84.394203
8225.683594	-83.846100
8247.216797	-83.622131
8268.750000	-83.731110
8290.283203	-83.623978
8311.816406	-84.095001
8333.349609	-84.540009
8354.882812	-84.768623
8376.416016	-85.184341
8397.949219	-85.263000
8419.482422	-85.377869
8441.015625	-85.488739
8462.548828	-85.505280
8484.082031	-85.825584
8505.615234	-86.305206
8527.148438	-85.845169
8548.681641	-86.553368
8570.214844	-87.163857
8591.748047	-87.238022
8613.281250	-87.891876
8634.814453	-88.494881
8656.347656	-88.899498
8677.880859	-88.808968
8699.414062	-89.055107
8720.947266	-89.110191
8742.480469	-89.239342
8764.013672	-89.358887
8785.546875	-89.494713
8807.080078	-89.971817
8828.613281	-90.200790
8850.146484	-90.004616
8871.679688	-90.331367
8893.212891	-90.476730
8914.746094	-90.752914
8936.279297	-90.854279
8957.812500	-91.145714
8979.345703	-92.533379
9000.878906	-92.923233
9022.412109	-93.839577
9043.945312	-94.418800
9065.478516	-94.688980
9087.011719	-95.117935
9108.544922	-94.780945
9130.078125	-93.899887
9151.611328	-92.955902
9173.144531	-92.438591
9194.677734	-91.725189
9216.210938	-91.572754
9237.744141	-90.941757
9259.277344	-90.306320
9280.810547	-89.572136
9302.343750	-89.813438
9323.876953	-90.023224
9345.410156	-89.928444
9366.943359	-90.599083
9388.476562	-91.294235
9410.009766	-92.387794
9431.542969	-93.942421
9453.076172	-95.153046
9474.609375	-98.432732
9496.142578	-101.495239
9517.675781	-102.702232
9539.208984	-101.149406
9560.742188	-99.402184
9582.275391	-97.754715
9603.808594	-95.787605
9625.341797	-94.846031
9646.875000	-93.647423
9668.408203	-93.555428
9689.941406	-93.975914
9711.474609	-94.976959
9733.007812	-94.981407
9754.541016	-94.642021
9776.074219	-97.670639
9797.607422	-100.118805
9819.140625	-103.066078
9840.673828	-104.918228
9862.207031	-104.492081
9883.740234	-103.302002
9905.273438	-101.400688
9926.806641	-99.198227
9948.339844	-97.062004
9969.873047	-97.460541
9991.406250	-97.660500
10012.939453	-97.797501
10034.472656	-98.429482
10056.005859	-98.779060
10077.539062	-99.789398
10099.072266	-100.281685
10120.605469	-99.935181
10142.138672	-98.599396
10163.671875	-98.525940
10185.205078	-99.078857
10206.738281	-98.525040
10228.271484	-98.242775
10249.804688	-96.945908
10271.337891	-98.180916
10292.871094	-99.368919
10314.404297	-99.650612
10335.937500	-99.857613
10357.470703	-99.610107
10379.003906	-100.849709
10400.537109	-100.902718
10422.070312	-101.172676
10443.603516	-99.400970
10465.136719	-99.546371
10486.669922	-100.085732
10508.203125	-99.961189
10529.736328	-98.985558
10551.269531	-96.839760
10572.802734	-98.824509
10594.335938	-99.763237
10615.869141	-99.640526
10637.402344	-98.373505
10658.935547	-97.881615
10680.468750	-98.536156
10702.001953	-97.870071
10723.535156	-96.773087
10745.068359	-96.246002
10766.601562	-96.649460
10788.134766	-97.131042
10809.667969	-98.219559
10831.201172	-99.381767
10852.734375	-100.140480
10874.267578	-103.302727
10895.800781	-105.274185
10917.333984	-103.976540
10938.867188	-99.299530
10960.400391	-96.631882
10981.933594	-95.094200
11003.466797	-92.504433
11025.000000	-90.621147
11046.533203	-89.383713
11068.066406	-88.461105
11089.599609	-87.682449
11111.132812	-87.283066
11132.666016	-86.323586
11154.199219	-85.861168
11175.732422	-85.701042
11197.265625	-85.687050
11218.798828	-84.806892
11240.332031	-84.353653
11261.865234	-84.659103
11283.398438	-84.519890
11304.931641	-84.058868
11326.464844	-83.914192
11347.998047	-83.534477
11369.531250	-83.333336
11391.064453	-83.104210
11412.597656	-82.986259
11434.130859	-83.122734
11455.664062	-82.825500
11477.197266	-82.552994
11498.730469	-82.119942
11520.263672	-81.862808
11541.796875	-81.267616
11563.330078	-80.785736
11584.863281	-80.757263
11606.396484	-79.961250
11627.929688	-79.218803
11649.462891	-78.933098
11670.996094	-78.634651
11692.529297	-78.373596
11714.062500	-78.385208
11735.595703	-78.624344
11757.128906	-78.479675
11778.662109	-78.438713
11800.195312	-78.760094
11821.728516	-78.817146
11843.261719	-79.063889
11864.794922	-79.394615
11886.328125	-80.015778
11907.861328	-80.409309
11929.394531	-80.994225
11950.927734	-81.875862
11972.460938	-82.879082
11993.994141	-83.770515
12015.527344	-84.774773
12037.060547	-85.368126
12058.593750	-85.794365
12080.126953	-86.777000
12101.660156	-86.676888
12123.193359	-86.674728
12144.726562	-86.592628
12166.259766	-86.145111
12187.792969	-86.269463
12209.326172	-86.139694
12230.859375	-86.122177
12252.392578	-86.243965
12273.925781	-86.500107
12295.458984	-86.775978
12316.992188	-86.611214
12338.525391	-86.563126
12360.058594	-87.097710
12381.591797	-87.956421
12403.125000	-88.248184
12424.658203	-88.822433
12446.191406	-89.467796
12467.724609	-90.481773
12489.257812	-91.674156
12510.791016	-93.236900
12532.324219	-95.173553
12553.857422	-96.512299
12575.390625	-97.977112
12596.923828	-98.237541
12618.457031	-97.559067
12639.990234	-95.401688
12661.523438	-94.160965
12683.056641	-93.742569
12704.589844	-93.009636
12726.123047	-92.866707
12747.656250	-92.243027
12769.189453	-92.352707
12790.722656	-92.681839
12812.255859	-92.793846
12833.789062	-92.859489
12855.322266	-92.693192
12876.855469	-92.734741
12898.388672	-92.758102
12919.921875	-92.879128
12941.455078	-92.649101
12962.988281	-92.331825
12984.521484	-92.846954
13006.054688	-92.884834
13027.587891	-93.093788
13049.121094	-92.995964
13070.654297	-93.290802
13092.187500	-93.841812
13113.720703	-94.281319
13135.253906	-94.212524
13156.787109	-93.971436
13178.320312	-94.389595
13199.853516	-94.057274
13221.386719	-93.744186
13242.919922	-92.746544
13264.453125	-91.824005
13285.986328	-91.308594
13307.519531	-90.888786
13329.052734	-89.978676
13350.585938	-89.139648
13372.119141	-88.645164
13393.652344	-87.865723
13415.185547	-87.267319
13436.718750	-86.722244
13458.251953	-86.412285
13479.785156	-86.213936
13501.318359	-85.667877
13522.851562	-85.548515
13544.384766	-85.691124
13565.917969	-85.107826
13587.451172	-84.587898
13608.984375	-84.454033
13630.517578	-84.624702
13652.050781	-84.484390
13673.583984	-84.676666
13695.117188	-84.877716
13716.650391	-84.900459
13738.183594	-84.666107
13759.716797	-84.724663
13781.250000	-84.997322
13802.783203	-85.103233
13824.316406	-85.176712
13845.849609	-85.246597
13867.382812	-85.666794
13888.916016	-85.843346
13910.449219	-86.550797
13931.982422	-87.032280
13953.515625	-87.047485
13975.048828	-87.737228
13996.582031	-88.154503
14018.115234	-88.096031
14039.648438	-87.942970
14061.181641	-88.330460
14082.714844	-88.769318
14104.248047	-89.032776
14125.781250	-89.228874
14147.314453	-88.893059
14168.847656	-89.261253
14190.380859	-89.988266
14211.914062	-90.577934
14233.447266	-90.589081
14254.980469	-90.667274
14276.513672	-91.872116
14298.046875	-93.164223
14319.580078	-93.713654
14341.113281	-93.859383
14362.646484	-94.447739
14384.179688	-94.690483
14405.712891	-94.997818
14427.246094	-95.174347
14448.779297	-94.274864
14470.312500	-94.123344
14491.845703	-94.361992
14513.378906	-94.172272
14534.912109	-93.818283
14556.445312	-93.243408
14577.978516	-93.826096
14599.511719	-93.472244
14621.044922	-93.181465
14642.578125	-92.640617
14664.111328	-92.629211
14685.644531	-92.309998
14707.177734	-91.325035
14728.710938	-90.881851
14750.244141	-90.167358
14771.777344	-90.249054
14793.310547	-89.845139
14814.843750	-89.453987
14836.376953	-89.100327
14857.910156	-88.475952
14879.443359	-88.078148
14900.976562	-88.164497
14922.509766	-88.402908
14944.042969	-87.990372
14965.576172	-87.902046
14987.109375	-87.916069
15008.642578	-87.788765
15030.175781	-87.795288
15051.708984	-87.240593
15073.242188	-87.216156
15094.775391	-86.660583
15116.308594	-86.016670
15137.841797	-86.010925
15159.375000	-86.088570
15180.908203	-85.698631
15202.441406	-85.590828
15223.974609	-85.581345
15245.507812	-85.366333
15267.041016	-85.770485
15288.574219	-86.156548
15310.107422	-86.141838
15331.640625	-86.259148
15353.173828	-86.325745
15374.707031	-86.432602
15396.240234	-86.531204
15417.773438	-86.741577
15439.306641	-86.983894
15460.839844	-87.219063
15482.373047	-87.903084
15503.906250	-88.025330
15525.439453	-88.555847
15546.972656	-88.682915
15568.505859	-89.122177
15590.039062	-89.660362
15611.572266	-89.803383
15633.105469	-90.143364
15654.638672	-90.719177
15676.171875	-92.027863
15697.705078	-92.454018
15719.238281	-93.328697
15740.771484	-93.397598
15762.304688	-94.280792
15783.837891	-96.371788
15805.371094	-97.539680
15826.904297	-98.267357
15848.437500	-97.009621
15869.970703	-97.741730
15891.503906	-97.587509
15913.037109	-97.004700
15934.570312	-95.702965
15956.103516	-93.964981
15977.636719	-93.663170
15999.169922	-92.828743
16020.703125	-92.295860
16042.236328	-91.536194
16063.769531	-91.093765
16085.302734	-91.041809
16106.835938	-90.387421
16128.369141	-90.057991
16149.902344	-89.625099
16171.435547	-89.549919
16192.968750	-89.586014
16214.501953	-90.046707
16236.035156	-89.985123
16257.568359	-89.667358
16279.101562	-90.388977
16300.634766	-91.154152
16322.167969	-91.588356
16343.701172	-91.488083
16365.234375	-91.889587
16386.767578	-92.302162
16408.300781	-93.088852
16429.833984	-93.440163
16451.367188	-93.127724
16472.900391	-93.855408
16494.433594	-94.551804
16515.966797	-94.925011
16537.500000	-94.656639
16559.033203	-94.414497
16580.566406	-96.481201
16602.099609	-96.827919
16623.632812	-97.096413
16645.166016	-95.766472
16666.699219	-96.851250
16688.232422	-98.043983
16709.765625	-97.824791
16731.298828	-97.972786
16752.832031	-96.042152
16774.365234	-97.812721
16795.898438	-98.246277
16817.431641	-98.664177
16838.964844	-97.188774
16860.498047	-96.634293
16882.031250	-98.663269
16903.564453	-99.008499
16925.097656	-99.352745
16946.630859	-96.900253
16968.164062	-97.859810
16989.697266	-99.448883
17011.230469	-99.338562
17032.763672	-98.175232
17054.296875	-96.050735
17075.830078	-98.853889
17097.363281	-99.125328
17118.896484	-99.200378
17140.429688	-97.066238
17161.962891	-96.514008
17183.496094	-99.033020
17205.029297	-98.620338
17226.562500	-98.846367
17248.095703	-96.819252
17269.628906	-98.238594
17291.162109	-98.759094
17312.695312	-98.549118
17334.228516	-97.441093
17355.761719	-95.712265
17377.294922	-97.980171
17398.828125	-97.811440
17420.361328	-97.944656
17441.894531	-96.378723
17463.427734	-96.320786
17484.960938	-97.860909
17506.494141	-97.524048
17528.027344	-97.250374
17549.560547	-94.909744
17571.093750	-96.262856
17592.626953	-97.468559
17614.160156	-97.560211
17635.693359	-96.975777
17657.226562	-95.434669
17678.759766	-97.076172
17700.292969	-96.924599
17721.826172	-97.597366
17743.359375	-95.417099
17764.892578	-95.645439
17786.425781	-96.945625
17807.958984	-96.925392
17829.492188	-96.565506
17851.025391	-94.217674
17872.558594	-95.809456
17894.091797	-96.474236
17915.625000	-96.655403
17937.158203	-95.160957
17958.691406	-93.673622
17980.224609	-91.643227
18001.757812	-93.244980
18023.291016	-96.176926
18044.824219	-93.561562
18066.357422	-94.013222
18087.890625	-95.802872
18109.423828	-95.964493
18130.957031	-95.460678
18152.490234	-93.490372
18174.023438	-95.024857
18195.556641	-95.298080
18217.089844	-95.516808
18238.623047	-93.790207
18260.156250	-93.135849
18281.689453	-94.974380
18303.222656	-94.545509
18324.755859	-94.788193
18346.289062	-92.622978
18367.822266	-93.381302
18389.355469	-94.452415
18410.888672	-94.369888
18432.421875	-94.129120
18453.955078	-92.521828
18475.488281	-93.927361
18497.021484	-93.958450
18518.554688	-94.253273
18540.087891	-93.290337
18561.621094	-92.903526
18583.154297	-94.480667
18604.687500	-94.066902
18626.220703	-94.299339
18647.753906	-92.062164
18669.287109	-93.180717
18690.820312	-94.348404
18712.353516	-93.846939
18733.886719	-93.451340
18755.419922	-91.999191
18776.953125	-93.783218
18798.486328	-93.722816
18820.019531	-93.827652
18841.552734	-92.144699
18863.085938	-91.964455
18884.619141	-93.940697
18906.152344	-93.641106
18927.685547	-93.800102
18949.218750	-90.902176
18970.751953	-92.500687
18992.285156	-93.584045
19013.818359	-93.428482
19035.351562	-92.596451
19056.884766	-91.102364
19078.417969	-93.187714
19099.951172	-93.138725
19121.484375	-93.574173
19143.017578	-91.386292
19164.550781	-91.498474
19186.083984	-92.971245
19207.617188	-92.649834
19229.150391	-92.929070
19250.683594	-90.233383
19272.216797	-92.043831
19293.750000	-92.568893
19315.283203	-92.536369
19336.816406	-91.259315
19358.349609	-90.289925
19379.882812	-92.243561
19401.416016	-91.011093
19422.949219	-92.479065
19444.482422	-90.672188
19466.015625	-91.231873
19487.548828	-92.472565
19509.082031	-92.135223
19530.615234	-92.839905
19552.148438	-91.090202
19573.681641	-92.846741
19595.214844	-92.620476
19616.748047	-92.812042
19638.281250	-91.605446
19659.814453	-90.753876
19681.347656	-92.119957
19702.880859	-91.199394
19724.414062	-93.004219
19745.947266	-92.394730
19767.480469	-92.841042
19789.013672	-93.079185
19810.546875	-92.872559
19832.080078	-92.718941
19853.613281	-91.511673
19875.146484	-93.104279
19896.679688	-93.049652
19918.212891	-93.039101
19939.746094	-92.331055
19961.279297	-91.909409
19982.812500	-93.348732
20004.345703	-93.044365
20025.878906	-93.861786
20047.412109	-93.109230
20068.945312	-93.936806
20090.478516	-94.157417
20112.011719	-94.120865
20133.544922	-93.714005
20155.078125	-92.438072
20176.611328	-94.264671
20198.144531	-94.469795
20219.677734	-94.818886
20241.210938	-94.524643
20262.744141	-94.637512
20284.277344	-95.548561
20305.810547	-95.338875
20327.343750	-95.306007
20348.876953	-94.780952
20370.410156	-95.761116
20391.943359	-96.274445
20413.476562	-96.367958
20435.009766	-96.586693
20456.542969	-96.327850
20478.076172	-97.005730
20499.609375	-96.976974
20521.142578	-97.399872
20542.675781	-96.552620
20564.208984	-96.537560
20585.742188	-97.578354
20607.275391	-97.647972
20628.808594	-98.244186
20650.341797	-97.215530
20671.875000	-97.697601
20693.408203	-98.244888
20714.941406	-98.395477
20736.474609	-98.504921
20758.007812	-98.162399
20779.541016	-99.113480
20801.074219	-98.913834
20822.607422	-98.861664
20844.140625	-98.414146
20865.673828	-98.613411
20887.207031	-99.415329
20908.740234	-99.428513
20930.273438	-99.676636
20951.806641	-98.963318
20973.339844	-99.865318
20994.873047	-100.278336
21016.406250	-100.250183
21037.939453	-100.059059
21059.472656	-99.862206
21081.005859	-100.615509
21102.539062	-100.386208
21124.072266	-100.736725
21145.605469	-100.328964
21167.138672	-100.786606
21188.671875	-101.068832
21210.205078	-101.245186
21231.738281	-101.686790
21253.271484	-101.382782
21274.804688	-101.754295
21296.337891	-101.563980
21317.871094	-101.527748
21339.404297	-101.499458
21360.937500	-101.137489
21382.470703	-102.022743
21404.003906	-101.832214
21425.537109	-102.093636
21447.070312	-101.206589
21468.603516	-101.624245
21490.136719	-102.282463
21511.669922	-102.185165
21533.203125	-102.352852
21554.736328	-102.131760
21576.269531	-102.695641
21597.802734	-102.308319
21619.335938	-102.588509
21640.869141	-102.913948
21662.402344	-102.899689
21683.935547	-103.257607
21705.468750	-103.165321
21727.001953	-103.287239
21748.535156	-102.932472
21770.068359	-103.189682
21791.601562	-103.194466
21813.134766	-103.294518
21834.667969	-103.420143
21856.201172	-102.966469
21877.734375	-103.428658
21899.267578	-103.754044
21920.800781	-103.961090
21942.333984	-103.722763
21963.867188	-103.789680
21985.400391	-103.195694
22006.933594	-103.119041
22028.466797	-103.747063
