Frequency (Hz)	Level (dB)
21.533203	-55.948147
43.066406	-45.237259
64.599609	-47.258617
86.132812	-62.382381
107.666016	-62.178993
129.199219	-66.256470
150.732422	-73.377541
172.265625	-79.730934
193.798828	-75.598900
215.332031	-77.721474
236.865234	-81.025322
258.398438	-79.204193
279.931641	-73.984161
301.464844	-68.966103
322.998047	-71.750443
344.531250	-69.052719
366.064453	-71.975006
387.597656	-78.841164
409.130859	-77.710991
430.664062	-77.266228
452.197266	-72.986870
473.730469	-76.419579
495.263672	-76.461700
516.796875	-76.531555
538.330078	-76.536873
559.863281	-74.983688
581.396484	-76.144615
602.929688	-78.925980
624.462891	-79.047554
645.996094	-73.370720
667.529297	-76.378845
689.062500	-86.456009
710.595703	-86.859680
732.128906	-81.534607
753.662109	-77.560036
775.195312	-84.050621
796.728516	-82.889275
818.261719	-85.563988
839.794922	-82.795158
861.328125	-82.473480
882.861328	-91.052750
904.394531	-90.272545
925.927734	-81.536240
947.460938	-73.273994
968.994141	-76.799622
990.527344	-86.274727
1012.060547	-86.662628
1033.593750	-87.983025
1055.126953	-85.779854
1076.660156	-90.299927
1098.193359	-91.116791
1119.726562	-92.601303
1141.259766	-88.616013
1162.792969	-88.120872
1184.326172	-91.321678
1205.859375	-92.004692
1227.392578	-88.241127
1248.925781	-81.375328
1270.458984	-85.412315
1291.992188	-90.052223
1313.525391	-90.449242
1335.058594	-89.686234
1356.591797	-86.411110
1378.125000	-89.262825
1399.658203	-88.688522
1421.191406	-92.696373
1442.724609	-94.173592
1464.257812	-94.486008
1485.791016	-93.042892
1507.324219	-89.791397
1528.857422	-89.315353
1550.390625	-87.664719
1571.923828	-89.823647
1593.457031	-92.974358
1614.990234	-96.216522
1636.523438	-91.971039
1658.056641	-87.840042
1679.589844	-85.541283
1701.123047	-82.757835
1722.656250	-81.386398
1744.189453	-79.394341
1765.722656	-79.063438
1787.255859	-79.539368
1808.789062	-79.246063
1830.322266	-79.111107
1851.855469	-80.752495
1873.388672	-82.634300
1894.921875	-83.011429
1916.455078	-81.798561
1937.988281	-79.071083
1959.521484	-76.508148
1981.054688	-76.495247
2002.587891	-77.216621
2024.121094	-78.199165
2045.654297	-78.300354
2067.187500	-78.627663
2088.720703	-79.712845
2110.253906	-80.915909
2131.787109	-81.023842
2153.320312	-79.969734
2174.853516	-79.598701
2196.386719	-80.857460
2217.919922	-82.818848
2239.453125	-85.152405
2260.986328	-88.213547
2282.519531	-90.938866
2304.052734	-92.514069
2325.585938	-96.212807
2347.119141	-91.123337
2368.652344	-89.410034
2390.185547	-86.509758
2411.718750	-84.417206
2433.251953	-84.379883
2454.785156	-85.467064
2476.318359	-88.327263
2497.851562	-90.306145
2519.384766	-91.080696
2540.917969	-92.470207
2562.451172	-93.696808
2583.984375	-96.788467
2605.517578	-100.229111
2627.050781	-96.632622
2648.583984	-92.124130
2670.117188	-88.504440
2691.650391	-86.368591
2713.183594	-85.140862
2734.716797	-85.020607
2756.250000	-85.219032
2777.783203	-85.729485
2799.316406	-85.471611
2820.849609	-85.505699
2842.382812	-85.833519
2863.916016	-86.677086
2885.449219	-87.979118
2906.982422	-88.660538
2928.515625	-89.428947
2950.048828	-90.083450
2971.582031	-92.148956
2993.115234	-95.743896
3014.648438	-99.125824
3036.181641	-96.727386
3057.714844	-92.155312
3079.248047	-89.120331
3100.781250	-86.284767
3122.314453	-84.205475
3143.847656	-82.774826
3165.380859	-82.184517
3186.914062	-82.658142
3208.447266	-83.999252
3229.980469	-86.202240
3251.513672	-87.458702
3273.046875	-85.225479
3294.580078	-81.584038
3316.113281	-78.726990
3337.646484	-77.501282
3359.179688	-77.454575
3380.712891	-77.442223
3402.246094	-77.609406
3423.779297	-78.666306
3445.312500	-80.137672
3466.845703	-82.443329
3488.378906	-84.694832
3509.912109	-86.244583
3531.445312	-87.469757
3552.978516	-87.637215
3574.511719	-88.279533
3596.044922	-88.696144
3617.578125	-89.503586
3639.111328	-90.040169
3660.644531	-89.732140
3682.177734	-89.527061
3703.710938	-89.855507
3725.244141	-89.855408
3746.777344	-90.381332
3768.310547	-93.146378
3789.843750	-98.483566
3811.376953	-100.735474
3832.910156	-96.014244
3854.443359	-90.956139
3875.976562	-86.925987
3897.509766	-83.407257
3919.042969	-80.828171
3940.576172	-79.026115
3962.109375	-77.723595
3983.642578	-76.956497
4005.175781	-76.666176
4026.708984	-76.809296
4048.242188	-77.377724
4069.775391	-78.528976
4091.308594	-81.222832
4112.841797	-84.743683
4134.375000	-88.023987
4155.908203	-90.056068
4177.441406	-91.688774
4198.974609	-92.436409
4220.507812	-92.581314
4242.041016	-92.752052
4263.574219	-93.684158
4285.107422	-94.531662
4306.640625	-93.521935
4328.173828	-92.099411
4349.707031	-90.076149
4371.240234	-88.158096
4392.773438	-86.302071
4414.306641	-85.320694
4435.839844	-83.894653
4457.373047	-82.707207
4478.906250	-81.459877
4500.439453	-80.733467
4521.972656	-81.090393
4543.505859	-81.346321
4565.039062	-81.476112
4586.572266	-81.911591
4608.105469	-81.706512
4629.638672	-81.116661
4651.171875	-81.002838
4672.705078	-81.018150
4694.238281	-81.231522
4715.771484	-81.495163
4737.304688	-81.379990
4758.837891	-81.644241
4780.371094	-81.675636
4801.904297	-81.512054
4823.437500	-81.361168
4844.970703	-81.214531
4866.503906	-81.136292
4888.037109	-80.993652
4909.570312	-80.621941
4931.103516	-79.769272
4952.636719	-79.446480
4974.169922	-79.452866
4995.703125	-79.032143
5017.236328	-78.435349
5038.769531	-78.302673
5060.302734	-78.427750
5081.835938	-78.579323
5103.369141	-78.693420
5124.902344	-78.744362
5146.435547	-78.122757
5167.968750	-78.149460
5189.501953	-78.179245
5211.035156	-78.580338
5232.568359	-78.510239
5254.101562	-78.364883
5275.634766	-78.800880
5297.167969	-78.945274
5318.701172	-78.924576
5340.234375	-78.409912
5361.767578	-78.092499
5383.300781	-78.188026
5404.833984	-78.627808
5426.367188	-80.343956
5447.900391	-83.210464
5469.433594	-86.806900
5490.966797	-86.756668
5512.500000	-85.469101
5534.033203	-85.114113
5555.566406	-86.124138
5577.099609	-88.649445
5598.632812	-92.022369
5620.166016	-93.251083
5641.699219	-90.416405
5663.232422	-87.636200
5684.765625	-84.989723
5706.298828	-81.827835
5727.832031	-79.070709
5749.365234	-76.470963
5770.898438	-74.266579
5792.431641	-72.634468
5813.964844	-71.820503
5835.498047	-71.145798
5857.031250	-70.938637
5878.564453	-70.728531
5900.097656	-70.857574
5921.630859	-70.605453
5943.164062	-70.626404
5964.697266	-71.077698
5986.230469	-71.242592
6007.763672	-72.074486
6029.296875	-73.277946
6050.830078	-74.263916
6072.363281	-75.237167
6093.896484	-75.508904
6115.429688	-75.875664
6136.962891	-76.447662
6158.496094	-76.990875
6180.029297	-77.931694
6201.562500	-79.240540
6223.095703	-81.532822
6244.628906	-85.269402
6266.162109	-89.776230
6287.695312	-89.434486
6309.228516	-84.492332
6330.761719	-80.915436
6352.294922	-77.958031
6373.828125	-76.013191
6395.361328	-74.397072
6416.894531	-73.272171
6438.427734	-72.434494
6459.960938	-72.240715
6481.494141	-72.553734
6503.027344	-72.549973
6524.560547	-72.834816
6546.093750	-73.331924
6567.626953	-73.375542
6589.160156	-73.514366
6610.693359	-73.745903
6632.226562	-74.110130
6653.759766	-75.040474
6675.292969	-75.797203
6696.826172	-75.351250
6718.359375	-74.582687
6739.892578	-74.647354
6761.425781	-74.441284
6782.958984	-75.154198
6804.492188	-76.730072
6826.025391	-78.773331
6847.558594	-82.170464
6869.091797	-86.870308
6890.625000	-92.388443
6912.158203	-86.231544
6933.691406	-81.495949
6955.224609	-78.946724
6976.757812	-77.778145
6998.291016	-77.021881
7019.824219	-76.682022
7041.357422	-76.687088
7062.890625	-77.347992
7084.423828	-78.004372
7105.957031	-78.703667
7127.490234	-80.009003
7149.023438	-81.708412
7170.556641	-83.097984
7192.089844	-83.896736
7213.623047	-85.205200
7235.156250	-87.174721
7256.689453	-89.109932
7278.222656	-90.586090
7299.755859	-90.367668
7321.289062	-88.973801
7342.822266	-87.339684
7364.355469	-86.325233
7385.888672	-85.347412
7407.421875	-84.581268
7428.955078	-84.352753
7450.488281	-84.082390
7472.021484	-84.718544
7493.554688	-85.717743
7515.087891	-86.351654
7536.621094	-87.316841
7558.154297	-88.033127
7579.687500	-89.156921
7601.220703	-90.997169
7622.753906	-91.976860
7644.287109	-92.673988
7665.820312	-92.651939
7687.353516	-92.524818
7708.886719	-91.510208
7730.419922	-90.447823
7751.953125	-88.971817
7773.486328	-87.623581
7795.019531	-86.906685
7816.552734	-86.201401
7838.085938	-85.194923
7859.619141	-85.212456
7881.152344	-84.936584
7902.685547	-85.127785
7924.218750	-85.468361
7945.751953	-85.396309
7967.285156	-85.988335
7988.818359	-86.707138
8010.351562	-87.346008
8031.884766	-88.058540
8053.417969	-88.598900
8074.951172	-88.709480
8096.484375	-89.238007
8118.017578	-89.782196
8139.550781	-90.024529
8161.083984	-89.849350
8182.617188	-90.200882
8204.150391	-90.534111
8225.683594	-90.337067
8247.216797	-89.880959
8268.750000	-89.715096
8290.283203	-89.776711
8311.816406	-90.055061
8333.349609	-90.346222
8354.882812	-89.848808
8376.416016	-89.931763
8397.949219	-89.388771
8419.482422	-88.851456
8441.015625	-88.893188
8462.548828	-88.654305
8484.082031	-88.610130
8505.615234	-88.604988
8527.148438	-88.347816
8548.681641	-89.268181
8570.214844	-89.662781
8591.748047	-89.444031
8613.281250	-89.770813
8634.814453	-90.006920
8656.347656	-89.521919
8677.880859	-89.167313
8699.414062	-89.461441
8720.947266	-89.435204
8742.480469	-89.946785
8764.013672	-89.418694
8785.546875	-89.172012
8807.080078	-89.713486
8828.613281	-89.529510
8850.146484	-89.173187
8871.679688	-89.473335
8893.212891	-89.466309
8914.746094	-89.273338
8936.279297	-89.189041
8957.812500	-88.873375
8979.345703	-89.041557
9000.878906	-89.123772
9022.412109	-89.607193
9043.945312	-89.856392
9065.478516	-90.438843
9087.011719	-91.616501
9108.544922	-93.161667
9130.078125	-94.488976
9151.611328	-95.315201
9173.144531	-96.492149
9194.677734	-99.270569
9216.210938	-100.315605
9237.744141	-99.761047
9259.277344	-98.305534
9280.810547	-97.789215
9302.343750	-97.945595
9323.876953	-98.083290
9345.410156	-97.985962
9366.943359	-98.076622
9388.476562	-98.207230
9410.009766	-97.572578
9431.542969	-96.934784
9453.076172	-95.116379
9474.609375	-94.488747
9496.142578	-95.233688
9517.675781	-95.044197
9539.208984	-95.082954
9560.742188	-94.902908
9582.275391	-95.979622
9603.808594	-96.580002
9625.341797	-97.471764
9646.875000	-97.625481
9668.408203	-97.223724
9689.941406	-100.759941
9711.474609	-102.733543
9733.007812	-103.545784
9754.541016	-99.678986
9776.074219	-99.976677
9797.607422	-104.703873
9819.140625	-104.002281
9840.673828	-102.609306
9862.207031	-100.185280
9883.740234	-99.702614
9905.273438	-98.637558
9926.806641	-97.116234
9948.339844	-95.668961
9969.873047	-94.257660
9991.406250	-94.481628
10012.939453	-93.862480
10034.472656	-93.691727
10056.005859	-93.125252
10077.539062	-93.135239
10099.072266	-93.366005
10120.605469	-92.785820
10142.138672	-91.916611
10163.671875	-91.648354
10185.205078	-91.546364
10206.738281	-91.106903
10228.271484	-90.921432
10249.804688	-90.094711
10271.337891	-89.689095
10292.871094	-89.433929
10314.404297	-88.967758
10335.937500	-89.277267
10357.470703	-89.325554
10379.003906	-89.499397
10400.537109	-89.490265
10422.070312	-89.019318
10443.603516	-88.526039
10465.136719	-88.071716
10486.669922	-87.375259
10508.203125	-86.706810
10529.736328	-86.179131
10551.269531	-85.257744
10572.802734	-84.193817
10594.335938	-83.546059
10615.869141	-82.586433
10637.402344	-82.016495
10658.935547	-81.917389
10680.468750	-81.671234
10702.001953	-80.995804
10723.535156	-80.398567
10745.068359	-80.341377
10766.601562	-80.453552
10788.134766	-80.211853
10809.667969	-80.556229
10831.201172	-80.754692
10852.734375	-80.293671
10874.267578	-80.466545
10895.800781	-80.418800
10917.333984	-80.297829
10938.867188	-80.340096
10960.400391	-80.528702
10981.933594	-80.659454
11003.466797	-79.961784
11025.000000	-79.537804
11046.533203	-79.392654
11068.066406	-79.337822
11089.599609	-79.358559
11111.132812	-79.438507
11132.666016	-79.224274
11154.199219	-79.095406
11175.732422	-79.128647
11197.265625	-79.430130
11218.798828	-78.881439
11240.332031	-78.812164
11261.865234	-79.189056
11283.398438	-79.511124
11304.931641	-79.625465
11326.464844	-80.100174
11347.998047	-80.344604
11369.531250	-80.648888
11391.064453	-81.031418
11412.597656	-81.734665
11434.130859	-82.251244
11455.664062	-82.410286
11477.197266	-82.431358
11498.730469	-82.450035
11520.263672	-82.422020
11541.796875	-82.033379
11563.330078	-81.953003
11584.863281	-82.418816
11606.396484	-82.112312
11627.929688	-82.065483
11649.462891	-81.938148
11670.996094	-81.863388
11692.529297	-81.609131
11714.062500	-81.678520
11735.595703	-81.589706
11757.128906	-81.162491
11778.662109	-81.096069
11800.195312	-80.606300
11821.728516	-80.060280
11843.261719	-79.408455
11864.794922	-79.110405
11886.328125	-79.158310
11907.861328	-78.701141
11929.394531	-78.600899
11950.927734	-78.780067
11972.460938	-78.877579
11993.994141	-78.547974
12015.527344	-78.541100
12037.060547	-78.432869
12058.593750	-78.426613
12080.126953	-78.760780
12101.660156	-78.392067
12123.193359	-77.915245
12144.726562	-78.118279
12166.259766	-77.428017
12187.792969	-76.913475
12209.326172	-76.655144
12230.859375	-76.347733
12252.392578	-76.328117
12273.925781	-76.439636
12295.458984	-76.373924
12316.992188	-76.731621
12338.525391	-76.799492
12360.058594	-77.173645
12381.591797	-77.782303
12403.125000	-78.347893
12424.658203	-78.559151
12446.191406	-79.318077
12467.724609	-80.274338
12489.257812	-80.752357
12510.791016	-81.857201
12532.324219	-83.536247
12553.857422	-84.683197
12575.390625	-85.301361
12596.923828	-86.126190
12618.457031	-86.899498
12639.990234	-87.143234
12661.523438	-87.073135
12683.056641	-86.759430
12704.589844	-86.764099
12726.123047	-86.786064
12747.656250	-86.583076
12769.189453	-86.467369
12790.722656	-86.769966
12812.255859	-86.723640
12833.789062	-86.697891
12855.322266	-86.714905
12876.855469	-86.709450
12898.388672	-86.702621
12919.921875	-86.836288
12941.455078	-86.868546
12962.988281	-86.736115
12984.521484	-86.509186
13006.054688	-86.055908
13027.587891	-85.274826
13049.121094	-83.762138
13070.654297	-82.517860
13092.187500	-81.595924
13113.720703	-80.528587
13135.253906	-79.519096
13156.787109	-78.698311
13178.320312	-78.060028
13199.853516	-77.216309
13221.386719	-76.681000
13242.919922	-76.441299
13264.453125	-76.095726
13285.986328	-76.067711
13307.519531	-76.079391
13329.052734	-76.252617
13350.585938	-76.270531
13372.119141	-76.534523
13393.652344	-76.855095
13415.185547	-77.129059
13436.718750	-77.280762
13458.251953	-77.942841
13479.785156	-78.694107
13501.318359	-78.649651
13522.851562	-79.136757
13544.384766	-80.211861
13565.917969	-80.936058
13587.451172	-81.510368
13608.984375	-82.279968
13630.517578	-83.485222
13652.050781	-84.314323
13673.583984	-84.924515
13695.117188	-85.677864
13716.650391	-85.918785
13738.183594	-85.926186
13759.716797	-85.629387
13781.250000	-85.237381
13802.783203	-85.113388
13824.316406	-84.609917
13845.849609	-84.376480
13867.382812	-84.432800
13888.916016	-83.897507
13910.449219	-84.109634
13931.982422	-84.329330
13953.515625	-84.375969
13975.048828	-84.769524
13996.582031	-85.259468
14018.115234	-85.528870
14039.648438	-86.207527
14061.181641	-87.072426
14082.714844	-88.143852
14104.248047	-89.164963
14125.781250	-90.376877
14147.314453	-91.413971
14168.847656	-92.456184
14190.380859	-94.582886
14211.914062	-97.004715
14233.447266	-99.099304
14254.980469	-99.553665
14276.513672	-98.813164
14298.046875	-100.534004
14319.580078	-98.445534
14341.113281	-95.931450
14362.646484	-93.291367
14384.179688	-91.803078
14405.712891	-90.956772
14427.246094	-90.073997
14448.779297	-88.940147
14470.312500	-87.984177
14491.845703	-87.866508
14513.378906	-87.718269
14534.912109	-87.270378
14556.445312	-86.278046
14577.978516	-86.326302
14599.511719	-86.795853
14621.044922	-86.801048
14642.578125	-86.924660
14664.111328	-87.004204
14685.644531	-87.092659
14707.177734	-86.974297
14728.710938	-87.293625
14750.244141	-87.303886
14771.777344	-87.361855
14793.310547	-88.261467
14814.843750	-88.818878
14836.376953	-89.358826
14857.910156	-89.264320
14879.443359	-89.926598
14900.976562	-91.058113
14922.509766	-92.108551
14944.042969	-92.504921
14965.576172	-92.901566
14987.109375	-93.903603
15008.642578	-95.821136
15030.175781	-97.008667
15051.708984	-97.254883
15073.242188	-96.474228
15094.775391	-98.154037
15116.308594	-99.314491
15137.841797	-99.946388
15159.375000	-98.958832
15180.908203	-98.493591
15202.441406	-100.936943
15223.974609	-100.641396
15245.507812	-99.689384
15267.041016	-96.716888
15288.574219	-97.787613
15310.107422	-98.956139
15331.640625	-98.336517
15353.173828	-97.073723
15374.707031	-96.163506
15396.240234	-97.332161
15417.773438	-97.531136
15439.306641	-97.401657
15460.839844	-95.477455
15482.373047	-95.102310
15503.906250	-96.036179
15525.439453	-95.892944
15546.972656	-95.224335
15568.505859	-93.623039
15590.039062	-93.305840
15611.572266	-92.775093
15633.105469	-92.168510
15654.638672	-91.284004
15676.171875	-90.332314
15697.705078	-89.969566
15719.238281	-89.712509
15740.771484	-88.987282
15762.304688	-88.698372
15783.837891	-88.566040
15805.371094	-88.509506
15826.904297	-88.384918
15848.437500	-87.599525
15869.970703	-87.537567
15891.503906	-87.992386
15913.037109	-88.241425
15934.570312	-88.109375
15956.103516	-87.906204
15977.636719	-87.813477
15999.169922	-88.299904
16020.703125	-88.550903
16042.236328	-89.013283
16063.769531	-88.647263
16085.302734	-89.160095
16106.835938	-90.103958
16128.369141	-90.518822
16149.902344	-90.794647
16171.435547	-90.794312
16192.968750	-91.630463
16214.501953	-92.531418
16236.035156	-93.205528
16257.568359	-93.154480
16279.101562	-93.261841
16300.634766	-94.756081
16322.167969	-95.230911
16343.701172	-95.287590
16365.234375	-93.807579
16386.767578	-93.302765
16408.300781	-93.981979
16429.833984	-93.904251
16451.367188	-92.966385
16472.900391	-91.725655
16494.433594	-91.675697
16515.966797	-91.246628
16537.500000	-90.520233
16559.033203	-89.486908
16580.566406	-89.084702
16602.099609	-89.610260
16623.632812	-89.541786
16645.166016	-89.226776
16666.699219	-88.851341
16688.232422	-88.555733
16709.765625	-88.603111
16731.298828	-88.934380
16752.832031	-88.689796
16774.365234	-88.300903
16795.898438	-88.939194
16817.431641	-88.986389
16838.964844	-89.350128
16860.498047	-89.079445
16882.031250	-88.857117
16903.564453	-90.227058
16925.097656	-90.830070
16946.630859	-90.659386
16968.164062	-90.447426
16989.697266	-91.319252
17011.230469	-91.907784
17032.763672	-91.678589
17054.296875	-91.911804
17075.830078	-91.806847
17097.363281	-92.956680
17118.896484	-93.617844
17140.429688	-94.137512
17161.962891	-93.322563
17183.496094	-93.512413
17205.029297	-95.054413
17226.562500	-95.352226
17248.095703	-95.497826
17269.628906	-93.650368
17291.162109	-94.602692
17312.695312	-96.527481
17334.228516	-96.835785
17355.761719	-95.442444
17377.294922	-93.193855
17398.828125	-95.771935
17420.361328	-96.854889
17441.894531	-96.783890
17463.427734	-95.142105
17484.960938	-94.955338
17506.494141	-96.990425
17528.027344	-96.703346
17549.560547	-96.160255
17571.093750	-93.517349
17592.626953	-94.907425
17614.160156	-97.223236
17635.693359	-97.240883
17657.226562	-96.054871
17678.759766	-94.408478
17700.292969	-96.672195
17721.826172	-97.018021
17743.359375	-97.417305
17764.892578	-95.120689
17786.425781	-94.734962
17807.958984	-97.099014
17829.492188	-96.736000
17851.025391	-96.282143
17872.558594	-92.877609
17894.091797	-94.919525
17915.625000	-96.659187
17937.158203	-96.640923
17958.691406	-94.150711
17980.224609	-89.698174
18001.757812	-92.622475
18023.291016	-96.199867
18044.824219	-96.220314
18066.357422	-93.084839
18087.890625	-93.082458
18109.423828	-96.004082
18130.957031	-95.935265
18152.490234	-94.902588
18174.023438	-91.422005
18195.556641	-93.150848
18217.089844	-95.325401
18238.623047	-95.344170
18260.156250	-93.850609
18281.689453	-92.072838
18303.222656	-94.737488
18324.755859	-95.409470
18346.289062	-95.204659
18367.822266	-92.684944
18389.355469	-92.823380
18410.888672	-94.946495
18432.421875	-94.904617
18453.955078	-94.695717
18475.488281	-92.499893
18497.021484	-93.884911
18518.554688	-94.752274
18540.087891	-95.054176
18561.621094	-93.323792
18583.154297	-92.074074
18604.687500	-94.295174
18626.220703	-94.311920
18647.753906	-94.411850
18669.287109	-90.795303
18690.820312	-91.466423
18712.353516	-94.315720
18733.886719	-93.862602
18755.419922	-93.408806
18776.953125	-91.295036
18798.486328	-93.262039
18820.019531	-94.107101
18841.552734	-93.950775
18863.085938	-91.537323
18884.619141	-90.503059
18906.152344	-93.687637
18927.685547	-93.610725
18949.218750	-93.842590
18970.751953	-90.812698
18992.285156	-91.519043
19013.818359	-93.694130
19035.351562	-93.447021
19056.884766	-92.691162
19078.417969	-90.250694
19099.951172	-92.369705
19121.484375	-92.946075
19143.017578	-93.093300
19164.550781	-91.046242
19186.083984	-90.359589
19207.617188	-93.415184
19229.150391	-93.093430
19250.683594	-92.911385
19272.216797	-90.245163
19293.750000	-91.175652
19315.283203	-93.194153
19336.816406	-93.071777
19358.349609	-92.010750
19379.882812	-89.143318
19401.416016	-90.940056
19422.949219	-92.633186
19444.482422	-93.222641
19466.015625	-90.782555
19487.548828	-89.552086
19509.082031	-92.136307
19530.615234	-92.881561
19552.148438	-92.893776
19573.681641	-89.909424
19595.214844	-90.831375
19616.748047	-92.524254
19638.281250	-92.315453
19659.814453	-91.924728
19681.347656	-89.786858
19702.880859	-91.621956
19724.414062	-92.919609
19745.947266	-93.178329
19767.480469	-91.288689
19789.013672	-90.655716
19810.546875	-92.335915
19832.080078	-92.848953
19853.613281	-93.339294
19875.146484	-91.584152
19896.679688	-92.326378
19918.212891	-93.206032
19939.746094	-93.249084
19961.279297	-92.122734
19982.812500	-90.593468
20004.345703	-92.973015
20025.878906	-93.686539
20047.412109	-93.763306
20068.945312	-92.424034
20090.478516	-92.397789
20112.011719	-94.172432
20133.544922	-94.104088
20155.078125	-94.253365
20176.611328	-92.259392
20198.144531	-93.638168
20219.677734	-94.894577
20241.210938	-95.042694
20262.744141	-94.547867
20284.277344	-93.648254
20305.810547	-95.351631
20327.343750	-95.345093
20348.876953	-95.849434
20370.410156	-94.509743
20391.943359	-94.536453
20413.476562	-96.046715
20435.009766	-96.061417
20456.542969	-95.782921
20478.076172	-94.520805
20499.609375	-95.622559
20521.142578	-96.680977
20542.675781	-96.904678
20564.208984	-96.677574
20585.742188	-96.729073
20607.275391	-97.224876
20628.808594	-96.804367
20650.341797	-97.353149
20671.875000	-96.046600
20693.408203	-96.394539
20714.941406	-97.711914
20736.474609	-97.995926
20758.007812	-97.821335
20779.541016	-96.630447
20801.074219	-97.724373
20822.607422	-98.693497
20844.140625	-99.050232
20865.673828	-98.174507
20887.207031	-97.209839
20908.740234	-99.100739
20930.273438	-99.282501
20951.806641	-99.700722
20973.339844	-98.896217
20994.873047	-98.852348
21016.406250	-99.740097
21037.939453	-99.688080
21059.472656	-99.683502
21081.005859	-98.883507
21102.539062	-99.855537
21124.072266	-100.662102
21145.605469	-100.724274
21167.138672	-100.516426
21188.671875	-99.947807
21210.205078	-100.929245
21231.738281	-100.984245
21253.271484	-101.200890
21274.804688	-100.989601
21296.337891	-101.469955
21317.871094	-101.619087
21339.404297	-101.293732
21360.937500	-101.324020
21382.470703	-100.892776
21404.003906	-101.618797
21425.537109	-101.902550
21447.070312	-102.032341
21468.603516	-101.262077
21490.136719	-100.994850
21511.669922	-102.079819
21533.203125	-101.900345
21554.736328	-102.361534
21576.269531	-100.879265
21597.802734	-101.453384
21619.335938	-102.621330
21640.869141	-102.443184
21662.402344	-102.123466
21683.935547	-100.932747
21705.468750	-102.647575
21727.001953	-103.129318
21748.535156	-102.930702
21770.068359	-102.123787
21791.601562	-101.797966
21813.134766	-102.871429
21834.667969	-103.047913
21856.201172	-103.200470
21877.734375	-103.004471
21899.267578	-103.389427
21920.800781	-103.579880
21942.333984	-103.345917
21963.867188	-103.349701
21985.400391	-103.147705
22006.933594	-103.072853
22028.466797	-102.969055
