Frequency (Hz)	Level (dB)
43.066406	-44.382351
86.132812	-48.280361
129.199219	-66.004517
172.265625	-74.098045
215.332031	-76.160934
258.398438	-76.253494
301.464844	-70.369087
344.531250	-67.053490
387.597656	-70.717033
430.664062	-72.900978
473.730469	-73.880569
516.796875	-79.610970
559.863281	-78.778023
602.929688	-76.869797
645.996094	-70.772705
689.062500	-75.239136
732.128906	-78.316887
775.195312	-78.645988
818.261719	-83.625038
861.328125	-85.047455
904.394531	-79.975372
947.460938	-73.310814
990.527344	-77.982658
1033.593750	-88.199257
1076.660156	-90.800552
1119.726562	-87.016762
1162.792969	-84.798637
1205.859375	-88.321144
1248.925781	-83.481430
1291.992188	-86.955711
1335.058594	-88.946915
1378.125000	-89.993332
1421.191406	-92.499695
1464.257812	-91.706474
1507.324219	-90.248505
1550.390625	-88.323822
1593.457031	-91.788528
1636.523438	-91.512932
1679.589844	-90.817467
1722.656250	-88.691673
1765.722656	-87.967087
1808.789062	-91.968643
1851.855469	-92.544998
1894.921875	-91.923569
1937.988281	-90.432205
1981.054688	-89.917839
2024.121094	-88.062157
2067.187500	-86.494690
2110.253906	-88.609734
2153.320312	-90.467049
2196.386719	-83.191467
2239.453125	-78.864052
2282.519531	-79.328621
2325.585938	-83.041107
2368.652344	-87.978592
2411.718750	-92.044685
2454.785156	-93.218338
2497.851562	-93.003204
2540.917969	-93.903000
2583.984375	-94.496933
2627.050781	-94.740509
2670.117188	-94.362808
2713.183594	-95.266579
2756.250000	-97.353271
2799.316406	-96.418663
2842.382812	-96.191582
2885.449219	-95.598915
2928.515625	-95.917274
2971.582031	-98.127708
3014.648438	-98.545517
3057.714844	-94.121231
3100.781250	-92.197914
3143.847656	-90.622025
3186.914062	-88.359077
3229.980469	-88.279190
3273.046875	-88.816010
3316.113281	-86.211967
3359.179688	-84.575386
3402.246094	-84.615837
3445.312500	-84.697746
3488.378906	-85.790970
3531.445312	-90.028755
3574.511719	-94.714493
3617.578125	-94.854904
3660.644531	-92.837486
3703.710938	-91.777855
3746.777344	-91.600609
3789.843750	-92.193214
3832.910156	-92.294815
3875.976562	-93.029526
3919.042969	-94.000038
3962.109375	-93.148476
4005.175781	-91.202202
4048.242188	-89.497055
4091.308594	-89.294273
4134.375000	-90.848763
4177.441406	-93.308853
4220.507812	-94.923180
4263.574219	-90.881310
4306.640625	-88.489136
4349.707031	-89.427750
4392.773438	-93.535332
4435.839844	-97.732597
4478.906250	-95.815346
4521.972656	-93.338852
4565.039062	-92.653366
4608.105469	-93.733017
4651.171875	-94.663834
4694.238281	-93.963951
4737.304688	-91.841164
4780.371094	-90.359009
4823.437500	-89.512779
4866.503906	-88.874573
4909.570312	-88.276146
4952.636719	-88.013374
4995.703125	-87.208214
5038.769531	-86.505821
5081.835938	-85.970848
5124.902344	-84.887024
5167.968750	-83.299301
5211.035156	-82.227333
5254.101562	-81.022896
5297.167969	-80.031128
5340.234375	-78.492683
5383.300781	-76.942749
5426.367188	-75.776047
5469.433594	-75.702660
5512.500000	-76.943634
5555.566406	-78.000999
5598.632812	-78.858925
5641.699219	-78.748993
5684.765625	-78.236893
5727.832031	-77.055595
5770.898438	-75.471954
5813.964844	-74.873100
5857.031250	-75.444496
5900.097656	-76.289429
5943.164062	-77.292152
5986.230469	-79.400246
6029.296875	-82.990852
6072.363281	-89.225578
6115.429688	-93.942596
6158.496094	-92.692131
6201.562500	-86.834106
6244.628906	-80.896507
6287.695312	-77.062111
6330.761719	-75.317802
6373.828125	-75.021210
6416.894531	-76.362144
6459.960938	-79.096306
6503.027344	-79.425804
6546.093750	-74.996689
6589.160156	-71.831848
6632.226562	-70.754463
6675.292969	-70.886444
6718.359375	-70.018906
6761.425781	-69.455002
6804.492188	-71.073997
6847.558594	-74.385048
6890.625000	-76.684258
6933.691406	-76.176483
6976.757812	-75.447311
7019.824219	-75.330376
7062.890625	-74.596062
7105.957031	-73.502579
7149.023438	-73.056030
7192.089844	-72.943718
7235.156250	-74.001335
7278.222656	-76.307770
7321.289062	-78.645912
7364.355469	-81.338455
7407.421875	-83.532776
7450.488281	-84.475342
7493.554688	-84.631523
7536.621094	-84.293541
7579.687500	-84.232971
7622.753906	-84.244179
7665.820312	-84.198441
7708.886719	-84.835869
7751.953125	-85.844032
7795.019531	-86.743332
7838.085938	-87.454544
7881.152344	-88.035080
7924.218750	-88.241585
7967.285156	-88.657280
8010.351562	-89.466621
8053.417969	-90.433121
8096.484375	-91.464020
8139.550781	-93.559181
8182.617188	-96.713425
8225.683594	-100.925156
8268.750000	-100.847023
8311.816406	-96.724495
8354.882812	-93.449860
8397.949219	-91.504425
8441.015625	-90.551636
8484.082031	-90.196259
8527.148438	-89.904289
8570.214844	-89.610573
8613.281250	-89.004807
8656.347656	-88.459740
8699.414062	-88.486786
8742.480469	-89.537003
8785.546875	-90.926369
8828.613281	-92.171577
8871.679688	-92.192917
8914.746094	-91.884872
8957.812500	-91.870888
9000.878906	-92.131424
9043.945312	-92.549385
9087.011719	-93.213104
9130.078125	-93.755104
9173.144531	-93.790260
9216.210938	-93.395210
9259.277344	-92.743965
9302.343750	-92.275146
9345.410156	-92.548096
9388.476562	-93.569000
9431.542969	-95.178047
9474.609375	-97.658401
9517.675781	-100.767868
9560.742188	-102.970085
9603.808594	-103.435287
9646.875000	-101.862083
9689.941406	-100.831848
9733.007812	-99.991974
9776.074219	-99.003059
9819.140625	-97.859505
9862.207031	-97.484306
9905.273438	-97.835899
9948.339844	-97.377831
9991.406250	-97.386703
10034.472656	-97.612900
10077.539062	-97.535103
10120.605469	-97.134361
10163.671875	-95.895859
10206.738281	-94.310425
10249.804688	-92.264030
10292.871094	-89.910294
10335.937500	-88.227814
10379.003906	-87.077805
10422.070312	-85.909042
10465.136719	-85.001411
10508.203125	-84.509079
10551.269531	-83.973450
10594.335938	-83.229584
10637.402344	-82.667580
10680.468750	-82.734550
10723.535156	-82.116104
10766.601562	-81.745003
10809.667969	-81.425835
10852.734375	-80.662842
10895.800781	-80.426132
10938.867188	-80.687225
10981.933594	-81.456696
11025.000000	-81.871277
11068.066406	-82.953926
11111.132812	-84.034576
11154.199219	-84.961037
11197.265625	-85.467575
11240.332031	-85.053665
11283.398438	-84.613075
11326.464844	-83.894020
11369.531250	-83.354324
11412.597656	-83.098343
11455.664062	-83.283035
11498.730469	-83.322510
11541.796875	-83.197815
11584.863281	-83.160957
11627.929688	-82.577324
11670.996094	-82.234985
11714.062500	-81.936890
11757.128906	-81.824844
11800.195312	-81.580948
11843.261719	-81.070381
11886.328125	-80.619186
11929.394531	-80.297417
11972.460938	-80.410118
12015.527344	-80.187927
12058.593750	-80.000015
12101.660156	-79.978226
12144.726562	-79.998177
12187.792969	-80.090836
12230.859375	-80.206108
12273.925781	-80.540787
12316.992188	-80.701515
12360.058594	-80.685730
12403.125000	-80.582191
12446.191406	-80.068520
12489.257812	-79.941910
12532.324219	-80.797882
12575.390625	-81.706299
12618.457031	-83.025421
12661.523438	-84.589813
12704.589844	-86.435944
12747.656250	-88.563515
12790.722656	-90.422523
12833.789062	-92.034943
12876.855469	-93.552361
12919.921875	-95.675224
12962.988281	-99.388397
13006.054688	-100.026566
13049.121094	-94.118355
13092.187500	-90.126076
13135.253906	-87.638573
13178.320312	-85.818420
13221.386719	-84.419518
13264.453125	-83.980713
13307.519531	-83.983849
13350.585938	-84.027588
13393.652344	-83.828583
13436.718750	-83.754501
13479.785156	-83.537155
13522.851562	-83.372635
13565.917969	-82.996315
13608.984375	-82.343697
13652.050781	-81.726082
13695.117188	-81.212540
13738.183594	-80.546585
13781.250000	-80.302002
13824.316406	-80.046761
13867.382812	-79.756409
13910.449219	-79.842773
13953.515625	-80.064484
13996.582031	-79.952148
14039.648438	-79.773438
14082.714844	-79.758049
14125.781250	-79.539253
14168.847656	-79.405952
14211.914062	-79.317009
14254.980469	-79.200493
14298.046875	-79.800346
14341.113281	-80.161499
14384.179688	-79.984756
14427.246094	-79.958504
14470.312500	-79.556793
14513.378906	-79.367714
14556.445312	-78.849289
14599.511719	-78.969170
14642.578125	-79.525352
14685.644531	-80.087563
14728.710938	-80.705231
14771.777344	-81.734711
14814.843750	-83.041191
14857.910156	-84.526314
14900.976562	-86.680267
14944.042969	-89.638153
14987.109375	-91.994675
15030.175781	-92.779625
15073.242188	-91.677032
15116.308594	-90.428505
15159.375000	-90.395569
15202.441406	-91.373367
15245.507812	-93.556030
15288.574219	-97.130699
15331.640625	-98.252052
15374.707031	-94.535522
15417.773438	-91.010902
15460.839844	-88.027794
15503.906250	-85.603386
15546.972656	-83.996643
15590.039062	-82.872086
15633.105469	-82.641106
15676.171875	-83.185501
15719.238281	-84.160545
15762.304688	-85.743286
15805.371094	-88.361427
15848.437500	-91.567673
15891.503906	-95.918579
15934.570312	-96.601402
15977.636719	-92.566673
16020.703125	-89.672745
16063.769531	-87.985504
16106.835938	-87.346565
16149.902344	-86.602409
16192.968750	-85.923386
16236.035156	-85.381638
16279.101562	-84.618530
16322.167969	-84.159927
16365.234375	-83.512436
16408.300781	-83.288986
16451.367188	-83.108398
16494.433594	-83.214485
16537.500000	-83.450211
16580.566406	-84.023300
16623.632812	-84.570175
16666.699219	-85.272064
16709.765625	-86.288803
16752.832031	-87.556412
16795.898438	-89.115845
16838.964844	-91.081032
16882.031250	-93.576881
16925.097656	-96.782372
16968.164062	-97.902748
17011.230469	-97.819237
17054.296875	-97.232391
17097.363281	-97.032547
17140.429688	-96.674889
17183.496094	-96.619781
17226.562500	-96.988052
17269.628906	-96.657501
17312.695312	-96.270607
17355.761719	-95.298553
17398.828125	-95.019669
17441.894531	-94.128609
17484.960938	-93.705666
17528.027344	-93.817795
17571.093750	-93.469673
17614.160156	-94.308922
17657.226562	-94.023933
17700.292969	-94.331627
17743.359375	-94.638695
17786.425781	-94.614777
17829.492188	-94.218987
17872.558594	-94.094101
17915.625000	-93.974823
17958.691406	-91.239899
18001.757812	-90.749229
18044.824219	-94.129829
18087.890625	-94.646088
18130.957031	-94.516388
18174.023438	-94.441605
18217.089844	-94.975426
18260.156250	-94.143524
18303.222656	-94.569115
18346.289062	-94.282608
18389.355469	-93.910400
18432.421875	-93.592018
18475.488281	-93.058914
18518.554688	-93.371689
18561.621094	-92.986916
18604.687500	-93.115356
18647.753906	-92.744102
18690.820312	-92.833527
18733.886719	-92.755997
18776.953125	-92.556274
18820.019531	-92.935669
18863.085938	-92.829247
18906.152344	-93.171211
18949.218750	-92.916473
18992.285156	-93.064987
19035.351562	-93.248230
19078.417969	-93.150101
19121.484375	-93.492462
19164.550781	-93.226112
19207.617188	-93.565750
19250.683594	-93.418289
19293.750000	-93.783356
19336.816406	-93.947609
19379.882812	-93.866165
19422.949219	-94.067680
19466.015625	-93.744431
19509.082031	-94.028328
19552.148438	-93.821815
19595.214844	-93.829567
19638.281250	-93.721390
19681.347656	-93.443161
19724.414062	-93.825684
19767.480469	-93.595787
19810.546875	-94.128319
19853.613281	-94.157196
19896.679688	-94.280128
19939.746094	-94.173027
19982.812500	-94.107887
20025.878906	-94.154434
20068.945312	-93.745010
20112.011719	-94.351448
20155.078125	-94.409920
20198.144531	-94.490097
20241.210938	-94.471909
20284.277344	-94.449463
20327.343750	-94.876205
20370.410156	-94.818344
20413.476562	-95.072662
20456.542969	-94.749481
20499.609375	-94.929993
20542.675781	-95.144264
20585.742188	-95.281700
20628.808594	-95.251633
20671.875000	-95.235382
20714.941406	-95.619774
20758.007812	-95.612572
20801.074219	-95.940613
20844.140625	-96.379211
20887.207031	-96.631996
20930.273438	-97.095589
20973.339844	-97.462158
21016.406250	-97.688072
21059.472656	-97.919838
21102.539062	-98.324921
21145.605469	-98.633904
21188.671875	-98.713997
21231.738281	-98.811996
21274.804688	-99.103439
21317.871094	-99.010124
21360.937500	-99.440857
21404.003906	-99.368889
21447.070312	-98.910461
21490.136719	-99.024284
21533.203125	-99.335854
21576.269531	-99.356972
21619.335938	-99.223015
21662.402344	-99.211388
21705.468750	-99.145576
21748.535156	-99.122864
21791.601562	-99.315666
21834.667969	-99.211128
21877.734375	-99.134933
21920.800781	-99.035133
21963.867188	-99.099533
22006.933594	-99.337372
