Frequency (Hz)	Level (dB)
43.066406	-44.715714
86.132812	-48.462986
129.199219	-63.883945
172.265625	-73.782051
215.332031	-75.192223
258.398438	-72.588036
301.464844	-69.122452
344.531250	-68.001381
387.597656	-72.010010
430.664062	-73.498238
473.730469	-74.190079
516.796875	-75.725357
559.863281	-73.928116
602.929688	-74.487686
645.996094	-70.204857
689.062500	-74.922256
732.128906	-78.070946
775.195312	-78.545860
818.261719	-84.132111
861.328125	-86.633057
904.394531	-79.695724
947.460938	-73.465065
990.527344	-77.187668
1033.593750	-77.761940
1076.660156	-77.447533
1119.726562	-80.598793
1162.792969	-83.222198
1205.859375	-85.866310
1248.925781	-83.102592
1291.992188	-86.547173
1335.058594	-88.731354
1378.125000	-89.246925
1421.191406	-87.828705
1464.257812	-86.084442
1507.324219	-83.955132
1550.390625	-78.985718
1593.457031	-78.149704
1636.523438	-82.948746
1679.589844	-88.212921
1722.656250	-87.098045
1765.722656	-86.538460
1808.789062	-89.302475
1851.855469	-89.209732
1894.921875	-87.953987
1937.988281	-84.958961
1981.054688	-83.051025
2024.121094	-79.957611
2067.187500	-71.994156
2110.253906	-68.427528
2153.320312	-70.088364
2196.386719	-76.348457
2239.453125	-84.828568
2282.519531	-88.586754
2325.585938	-90.147926
2368.652344	-91.119812
2411.718750	-93.505318
2454.785156	-96.651855
2497.851562	-98.038933
2540.917969	-100.837151
2583.984375	-102.212769
2627.050781	-100.538795
2670.117188	-99.413155
2713.183594	-99.436455
2756.250000	-100.061142
2799.316406	-101.469231
2842.382812	-102.867775
2885.449219	-99.710266
2928.515625	-101.079865
2971.582031	-103.560822
3014.648438	-101.971497
3057.714844	-99.842209
3100.781250	-97.377853
3143.847656	-95.319862
3186.914062	-93.993729
3229.980469	-95.682579
3273.046875	-94.356529
3316.113281	-88.051529
3359.179688	-85.944046
3402.246094	-86.099487
3445.312500	-87.471085
3488.378906	-91.899773
3531.445312	-95.231598
3574.511719	-92.694695
3617.578125	-87.997093
3660.644531	-85.332924
3703.710938	-85.582726
3746.777344	-87.431602
3789.843750	-90.265190
3832.910156	-91.806770
3875.976562	-90.498772
3919.042969	-88.247681
3962.109375	-85.057259
4005.175781	-81.849258
4048.242188	-79.813866
4091.308594	-79.014427
4134.375000	-78.944984
4177.441406	-80.893570
4220.507812	-83.977409
4263.574219	-85.039230
4306.640625	-86.907158
4349.707031	-89.598938
4392.773438	-91.490875
4435.839844	-93.960701
4478.906250	-96.248093
4521.972656	-95.321640
4565.039062	-94.195091
4608.105469	-93.953346
4651.171875	-92.534599
4694.238281	-92.093941
4737.304688	-92.774780
4780.371094	-95.368240
4823.437500	-97.651245
4866.503906	-90.392441
4909.570312	-84.634682
4952.636719	-82.011887
4995.703125	-81.906921
5038.769531	-82.770790
5081.835938	-84.808281
5124.902344	-85.653557
5167.968750	-84.212517
5211.035156	-82.140976
5254.101562	-79.404396
5297.167969	-77.562149
5340.234375	-76.915710
5383.300781	-76.815804
5426.367188	-76.528572
5469.433594	-77.196892
5512.500000	-79.598724
5555.566406	-79.402435
5598.632812	-76.641281
5641.699219	-73.687172
5684.765625	-72.436485
5727.832031	-72.859833
5770.898438	-72.895073
5813.964844	-72.399544
5857.031250	-73.153534
5900.097656	-72.447540
5943.164062	-69.054665
5986.230469	-67.116684
6029.296875	-67.094551
6072.363281	-67.164886
6115.429688	-66.169609
6158.496094	-65.719650
6201.562500	-66.340477
6244.628906	-67.278023
6287.695312	-66.985596
6330.761719	-65.790741
6373.828125	-65.547104
6416.894531	-66.341904
6459.960938	-68.023956
6503.027344	-70.543060
6546.093750	-71.440430
6589.160156	-70.634819
6632.226562	-70.959747
6675.292969	-71.735168
6718.359375	-70.801659
6761.425781	-70.623306
6804.492188	-70.642410
6847.558594	-70.562614
6890.625000	-70.548088
6933.691406	-71.400085
6976.757812	-73.302666
7019.824219	-74.681755
7062.890625	-74.714485
7105.957031	-73.897011
7149.023438	-73.543777
7192.089844	-72.433578
7235.156250	-71.752197
7278.222656	-71.084770
7321.289062	-71.179375
7364.355469	-72.193718
7407.421875	-73.149002
7450.488281	-74.178665
7493.554688	-75.702301
7536.621094	-77.912308
7579.687500	-80.734512
7622.753906	-85.252335
7665.820312	-89.773453
7708.886719	-87.534126
7751.953125	-84.826782
7795.019531	-84.238037
7838.085938	-84.339378
7881.152344	-84.172165
7924.218750	-83.476799
7967.285156	-83.092056
8010.351562	-83.940079
8053.417969	-84.995811
8096.484375	-86.938087
8139.550781	-90.040939
8182.617188	-88.405487
8225.683594	-83.781029
8268.750000	-80.926727
8311.816406	-80.283936
8354.882812	-80.560493
8397.949219	-80.029182
8441.015625	-78.787125
8484.082031	-77.804710
8527.148438	-77.215073
8570.214844	-77.036079
8613.281250	-76.819832
8656.347656	-77.068718
8699.414062	-77.224167
8742.480469	-77.707466
8785.546875	-77.807671
8828.613281	-78.079498
8871.679688	-78.689819
8914.746094	-79.855492
8957.812500	-81.719215
9000.878906	-83.737228
9043.945312	-85.692665
9087.011719	-87.918869
9130.078125	-90.119614
9173.144531	-91.592476
9216.210938	-92.063995
9259.277344	-90.779556
9302.343750	-88.929558
9345.410156	-87.009384
9388.476562	-85.375793
9431.542969	-84.355812
9474.609375	-83.617966
9517.675781	-82.909882
9560.742188	-82.722466
9603.808594	-83.246490
9646.875000	-84.460312
9689.941406	-87.073181
9733.007812	-91.106750
9776.074219	-93.096581
9819.140625	-89.645294
9862.207031	-86.655685
9905.273438	-84.409904
9948.339844	-82.597534
9991.406250	-81.751053
10034.472656	-81.557915
10077.539062	-82.226845
10120.605469	-82.896164
10163.671875	-83.407013
10206.738281	-83.812881
10249.804688	-83.543602
10292.871094	-83.395454
10335.937500	-83.654114
10379.003906	-83.292229
10422.070312	-81.810120
10465.136719	-80.571701
10508.203125	-79.913124
10551.269531	-79.914551
10594.335938	-80.337746
10637.402344	-81.076225
10680.468750	-81.736610
10723.535156	-82.365074
10766.601562	-84.143997
10809.667969	-87.545319
10852.734375	-93.896439
10895.800781	-95.300552
10938.867188	-91.604584
10981.933594	-91.230522
11025.000000	-92.537804
11068.066406	-94.671364
11111.132812	-92.007187
11154.199219	-86.774078
11197.265625	-83.063629
11240.332031	-80.385086
11283.398438	-78.741432
11326.464844	-77.834686
11369.531250	-77.456779
11412.597656	-78.028114
11455.664062	-79.428627
11498.730469	-81.062599
11541.796875	-81.896271
11584.863281	-82.240555
11627.929688	-82.301201
11670.996094	-82.544655
11714.062500	-84.284622
11757.128906	-88.457108
11800.195312	-93.635384
11843.261719	-89.941513
11886.328125	-85.616264
11929.394531	-83.288322
11972.460938	-82.719666
12015.527344	-83.067192
12058.593750	-83.797012
12101.660156	-83.079742
12144.726562	-80.680870
12187.792969	-78.550537
12230.859375	-76.942184
12273.925781	-75.263733
12316.992188	-73.224274
12360.058594	-71.588799
12403.125000	-70.049782
12446.191406	-69.154678
12489.257812	-68.948074
12532.324219	-69.679810
12575.390625	-70.632919
12618.457031	-71.275894
12661.523438	-72.132896
12704.589844	-73.112259
12747.656250	-75.228912
12790.722656	-78.199409
12833.789062	-81.480652
12876.855469	-81.568054
12919.921875	-79.520996
12962.988281	-77.283051
13006.054688	-75.645645
13049.121094	-74.705772
13092.187500	-74.247414
13135.253906	-73.884659
13178.320312	-73.487961
13221.386719	-73.442200
13264.453125	-73.436684
13307.519531	-74.081154
13350.585938	-74.900406
13393.652344	-75.738586
13436.718750	-76.487457
13479.785156	-77.655525
13522.851562	-78.737320
13565.917969	-80.122490
13608.984375	-81.308937
13652.050781	-83.095200
13695.117188	-84.143600
13738.183594	-84.557327
13781.250000	-85.039375
13824.316406	-85.569466
13867.382812	-86.460892
13910.449219	-87.658089
13953.515625	-88.432625
13996.582031	-88.844978
14039.648438	-88.701363
14082.714844	-88.841125
14125.781250	-88.886070
14168.847656	-88.861687
14211.914062	-89.403488
14254.980469	-90.276268
14298.046875	-92.279572
14341.113281	-94.008827
14384.179688	-96.356033
14427.246094	-99.561600
14470.312500	-102.515129
14513.378906	-102.428375
14556.445312	-100.224075
14599.511719	-99.063828
14642.578125	-98.300171
14685.644531	-97.900650
14728.710938	-97.492546
14771.777344	-97.364700
14814.843750	-97.847580
14857.910156	-97.920448
14900.976562	-99.376366
14944.042969	-101.279472
14987.109375	-102.450684
15030.175781	-102.401756
15073.242188	-102.774689
15116.308594	-102.535545
15159.375000	-101.934975
15202.441406	-102.525719
15245.507812	-101.850174
15288.574219	-102.101608
15331.640625	-101.681625
15374.707031	-101.637291
15417.773438	-101.704185
15460.839844	-100.829781
15503.906250	-99.874008
15546.972656	-98.753090
15590.039062	-98.423515
15633.105469	-98.081894
15676.171875	-98.916130
15719.238281	-99.603119
15762.304688	-99.923538
15805.371094	-100.208908
15848.437500	-99.937401
15891.503906	-100.316673
15934.570312	-99.999016
15977.636719	-100.105995
16020.703125	-99.423790
16063.769531	-99.313416
16106.835938	-100.555550
16149.902344	-99.998955
16192.968750	-101.239441
16236.035156	-101.715599
16279.101562	-101.537849
16322.167969	-100.880562
16365.234375	-100.752663
16408.300781	-100.933594
16451.367188	-100.363632
16494.433594	-100.662582
16537.500000	-99.919037
16580.566406	-99.830757
16623.632812	-99.414238
16666.699219	-99.306824
16709.765625	-99.741318
16752.832031	-99.562485
16795.898438	-99.032967
16838.964844	-97.800781
16882.031250	-98.349373
16925.097656	-98.411285
16968.164062	-98.235168
17011.230469	-98.697365
17054.296875	-98.707420
17097.363281	-98.745483
17140.429688	-98.335869
17183.496094	-98.545372
17226.562500	-98.595734
17269.628906	-98.314507
17312.695312	-98.072342
17355.761719	-97.801277
17398.828125	-97.883492
17441.894531	-97.085396
17484.960938	-97.814804
17528.027344	-97.914902
17571.093750	-97.787422
17614.160156	-97.204887
17657.226562	-96.767174
17700.292969	-97.464775
17743.359375	-96.875328
17786.425781	-97.087257
17829.492188	-96.669106
17872.558594	-96.597771
17915.625000	-96.355827
17958.691406	-92.517220
18001.757812	-91.811890
18044.824219	-96.088493
18087.890625	-96.460136
18130.957031	-95.985847
18174.023438	-96.023201
18217.089844	-95.790680
18260.156250	-95.351402
18303.222656	-95.944710
18346.289062	-95.301781
18389.355469	-95.889328
18432.421875	-94.979485
18475.488281	-95.064346
18518.554688	-95.649490
18561.621094	-95.390984
18604.687500	-95.459824
18647.753906	-94.912331
18690.820312	-95.125069
18733.886719	-94.447037
18776.953125	-94.731606
18820.019531	-95.230499
18863.085938	-94.925407
18906.152344	-95.210442
18949.218750	-94.549332
18992.285156	-95.065475
19035.351562	-94.582199
19078.417969	-94.919823
19121.484375	-94.840614
19164.550781	-94.453804
19207.617188	-94.797035
19250.683594	-93.957832
19293.750000	-94.808197
19336.816406	-94.806931
19379.882812	-94.882629
19422.949219	-94.640297
19466.015625	-94.357170
19509.082031	-94.355896
19552.148438	-93.964996
19595.214844	-94.612892
19638.281250	-94.317123
19681.347656	-94.674728
19724.414062	-94.043510
19767.480469	-93.995308
19810.546875	-94.696564
19853.613281	-94.511238
19896.679688	-94.320015
19939.746094	-93.805054
19982.812500	-93.920341
20025.878906	-93.964325
20068.945312	-94.225800
20112.011719	-94.567688
20155.078125	-94.604988
20198.144531	-94.885948
20241.210938	-94.717331
20284.277344	-94.773872
20327.343750	-94.879166
20370.410156	-94.777351
20413.476562	-94.735298
20456.542969	-94.644989
20499.609375	-95.429924
20542.675781	-95.556915
20585.742188	-95.634537
20628.808594	-95.477280
20671.875000	-95.844025
20714.941406	-95.834129
20758.007812	-95.990875
20801.074219	-96.112389
20844.140625	-96.505302
20887.207031	-97.091400
20930.273438	-96.996262
20973.339844	-97.296402
21016.406250	-97.940842
21059.472656	-98.215324
21102.539062	-98.303429
21145.605469	-98.598602
21188.671875	-98.747505
21231.738281	-99.017410
21274.804688	-99.013687
21317.871094	-98.874771
21360.937500	-99.088318
21404.003906	-99.416420
21447.070312	-99.358292
21490.136719	-99.140076
21533.203125	-99.312622
21576.269531	-99.344063
21619.335938	-99.143394
21662.402344	-99.188789
21705.468750	-99.356720
21748.535156	-99.442917
21791.601562	-99.309250
21834.667969	-99.354416
21877.734375	-99.343597
21920.800781	-99.236542
21963.867188	-99.116547
22006.933594	-99.206276
