Frequency (Hz)	Level (dB)
21.533203	-56.532307
43.066406	-45.929466
64.599609	-47.995331
86.132812	-63.466869
107.666016	-64.892212
129.199219	-74.183670
150.732422	-74.156586
172.265625	-75.758774
193.798828	-71.397110
215.332031	-70.623131
236.865234	-73.976112
258.398438	-78.866486
279.931641	-74.966675
301.464844	-70.657196
322.998047	-75.176231
344.531250	-69.775803
366.064453	-72.400978
387.597656	-78.857658
409.130859	-78.321198
430.664062	-78.207932
452.197266	-74.482773
473.730469	-79.476372
495.263672	-77.307312
516.796875	-78.182617
538.330078	-80.128006
559.863281	-81.365036
581.396484	-86.139542
602.929688	-85.513145
624.462891	-81.104141
645.996094	-72.805328
667.529297	-76.274376
689.062500	-88.959084
710.595703	-88.440002
732.128906	-81.162766
753.662109	-77.407608
775.195312	-84.436417
796.728516	-83.681786
818.261719	-86.881645
839.794922	-83.421608
861.328125	-82.486069
882.861328	-84.019783
904.394531	-84.939613
925.927734	-79.827034
947.460938	-72.546394
968.994141	-76.623016
990.527344	-85.969208
1012.060547	-86.747635
1033.593750	-88.706543
1055.126953	-87.763374
1076.660156	-90.286652
1098.193359	-90.073540
1119.726562	-90.424683
1141.259766	-85.865562
1162.792969	-86.185921
1184.326172	-90.404053
1205.859375	-90.019760
1227.392578	-86.549507
1248.925781	-81.258392
1270.458984	-84.825897
1291.992188	-86.313705
1313.525391	-85.646729
1335.058594	-85.465843
1356.591797	-85.985718
1378.125000	-90.034134
1399.658203	-87.036064
1421.191406	-84.492683
1442.724609	-83.706810
1464.257812	-86.605339
1485.791016	-88.334877
1507.324219	-88.515625
1528.857422	-91.089638
1550.390625	-89.169533
1571.923828	-92.986610
1593.457031	-93.751106
1614.990234	-93.552887
1636.523438	-90.845619
1658.056641	-89.577873
1679.589844	-90.445930
1701.123047	-87.606773
1722.656250	-86.045906
1744.189453	-83.539207
1765.722656	-84.462746
1787.255859	-86.004456
1808.789062	-85.648521
1830.322266	-85.691498
1851.855469	-85.588829
1873.388672	-86.514542
1894.921875	-87.921150
1916.455078	-90.098846
1937.988281	-87.875099
1959.521484	-83.645538
1981.054688	-81.384323
2002.587891	-81.545731
2024.121094	-82.845947
2045.654297	-80.727448
2067.187500	-77.703995
2088.720703	-73.668488
2110.253906	-70.181320
2131.787109	-68.471260
2153.320312	-69.375595
2174.853516	-72.229584
2196.386719	-75.129799
2217.919922	-77.714066
2239.453125	-79.565071
2260.986328	-81.491844
2282.519531	-82.900421
2304.052734	-83.907982
2325.585938	-84.970848
2347.119141	-85.495888
2368.652344	-87.441124
2390.185547	-88.188568
2411.718750	-88.683693
2433.251953	-90.155708
2454.785156	-91.539886
2476.318359	-93.554474
2497.851562	-92.867493
2519.384766	-93.180885
2540.917969	-93.318924
2562.451172	-93.292999
2583.984375	-93.155037
2605.517578	-92.257751
2627.050781	-90.686195
2648.583984	-88.735626
2670.117188	-88.927071
2691.650391	-90.400085
2713.183594	-91.571854
2734.716797	-93.188095
2756.250000	-94.580788
2777.783203	-96.318329
2799.316406	-95.485367
2820.849609	-98.842979
2842.382812	-101.260719
2863.916016	-102.906677
2885.449219	-99.817177
2906.982422	-97.382034
2928.515625	-101.991348
2950.048828	-98.400238
2971.582031	-101.586258
2993.115234	-100.724434
3014.648438	-99.149185
3036.181641	-98.236763
3057.714844	-97.166565
3079.248047	-96.971130
3100.781250	-95.325302
3122.314453	-94.506126
3143.847656	-92.798424
3165.380859	-91.203590
3186.914062	-91.542854
3208.447266	-92.487831
3229.980469	-93.424515
3251.513672	-92.685638
3273.046875	-92.936836
3294.580078	-90.971481
3316.113281	-89.574806
3337.646484	-89.428078
3359.179688	-90.955444
3380.712891	-92.987526
3402.246094	-93.561150
3423.779297	-94.311134
3445.312500	-92.909775
3466.845703	-93.316261
3488.378906	-93.833427
3509.912109	-93.286072
3531.445312	-93.703972
3552.978516	-94.126877
3574.511719	-96.341721
3596.044922	-97.017868
3617.578125	-96.785759
3639.111328	-95.936981
3660.644531	-95.192299
3682.177734	-94.927711
3703.710938	-95.634315
3725.244141	-97.755592
3746.777344	-97.500542
3768.310547	-100.146141
3789.843750	-102.763420
3811.376953	-101.616150
3832.910156	-97.907417
3854.443359	-94.711990
3875.976562	-97.724007
3897.509766	-98.173752
3919.042969	-98.026672
3940.576172	-98.342613
3962.109375	-98.345955
3983.642578	-97.297180
4005.175781	-96.202950
4026.708984	-94.322945
4048.242188	-91.404228
4069.775391	-89.302536
4091.308594	-87.997940
4112.841797	-87.212967
4134.375000	-86.862343
4155.908203	-87.144218
4177.441406	-88.421486
4198.974609	-89.674118
4220.507812	-90.727661
4242.041016	-91.646164
4263.574219	-92.862839
4285.107422	-93.625061
4306.640625	-93.235886
4328.173828	-92.118271
4349.707031	-90.950073
4371.240234	-90.495575
4392.773438	-89.870270
4414.306641	-89.906776
4435.839844	-90.173882
4457.373047	-89.892296
4478.906250	-89.420532
4500.439453	-88.724113
4521.972656	-88.411041
4543.505859	-87.771004
4565.039062	-87.444801
4586.572266	-88.263046
4608.105469	-89.060478
4629.638672	-90.203743
4651.171875	-90.919891
4672.705078	-90.836006
4694.238281	-89.937943
4715.771484	-88.887718
4737.304688	-88.061333
4758.837891	-87.648018
4780.371094	-87.544579
4801.904297	-87.922447
4823.437500	-88.622849
4844.970703	-90.009415
4866.503906	-91.647057
4888.037109	-94.083191
4909.570312	-96.897285
4931.103516	-102.681305
4952.636719	-101.791183
4974.169922	-96.751488
4995.703125	-92.786629
5017.236328	-89.663872
5038.769531	-87.357750
5060.302734	-85.773460
5081.835938	-84.821068
5103.369141	-84.281937
5124.902344	-84.354538
5146.435547	-84.501671
5167.968750	-85.082176
5189.501953	-86.528259
5211.035156	-88.353882
5232.568359	-89.386818
5254.101562	-89.685600
5275.634766	-89.097115
5297.167969	-87.337440
5318.701172	-85.424210
5340.234375	-83.637238
5361.767578	-82.491699
5383.300781	-81.685562
5404.833984	-81.301620
5426.367188	-81.297310
5447.900391	-81.099854
5469.433594	-81.282784
5490.966797	-81.208923
5512.500000	-80.583809
5534.033203	-79.539963
5555.566406	-78.428581
5577.099609	-78.341057
5598.632812	-77.783119
5620.166016	-76.716171
5641.699219	-75.788261
5663.232422	-75.264221
5684.765625	-74.624916
5706.298828	-74.469620
5727.832031	-74.052452
5749.365234	-73.726540
5770.898438	-73.738663
5792.431641	-73.606689
5813.964844	-73.972061
5835.498047	-74.255722
5857.031250	-74.575493
5878.564453	-75.057571
5900.097656	-75.852074
5921.630859	-76.170868
5943.164062	-76.510506
5964.697266	-77.339088
5986.230469	-78.132645
6007.763672	-79.037514
6029.296875	-79.697510
6050.830078	-80.064018
6072.363281	-80.342545
6093.896484	-80.269012
6115.429688	-80.115143
6136.962891	-80.407730
6158.496094	-80.792305
6180.029297	-81.295029
6201.562500	-82.083160
6223.095703	-82.850693
6244.628906	-84.062828
6266.162109	-83.992996
6287.695312	-83.775246
6309.228516	-83.556503
6330.761719	-83.374779
6352.294922	-83.132698
6373.828125	-84.373428
6395.361328	-86.015312
6416.894531	-87.910118
6438.427734	-89.901192
6459.960938	-91.462326
6481.494141	-90.701462
6503.027344	-89.285797
6524.560547	-88.151978
6546.093750	-86.690796
6567.626953	-85.279053
6589.160156	-84.553711
6610.693359	-84.147354
6632.226562	-84.006744
6653.759766	-84.252831
6675.292969	-85.015976
6696.826172	-85.138336
6718.359375	-85.411041
6739.892578	-86.814369
6761.425781	-88.648697
6782.958984	-92.137306
6804.492188	-97.756859
6826.025391	-96.811539
6847.558594	-90.632004
6869.091797	-87.639618
6890.625000	-85.910400
6912.158203	-84.273346
6933.691406	-83.028839
6955.224609	-82.463898
6976.757812	-82.615501
6998.291016	-82.782127
7019.824219	-83.465576
7041.357422	-83.899605
7062.890625	-84.039337
7084.423828	-84.416229
7105.957031	-84.547096
7127.490234	-84.808586
7149.023438	-85.146446
7170.556641	-85.434799
7192.089844	-84.953506
7213.623047	-85.637138
7235.156250	-86.812355
7256.689453	-88.514778
7278.222656	-90.515938
7299.755859	-93.234467
7321.289062	-96.073441
7342.822266	-94.358322
7364.355469	-93.209808
7385.888672	-92.727753
7407.421875	-91.309479
7428.955078	-90.186920
7450.488281	-89.238579
7472.021484	-88.690651
7493.554688	-88.197968
7515.087891	-88.143974
7536.621094	-87.866447
7558.154297	-87.398659
7579.687500	-87.354538
7601.220703	-87.872147
7622.753906	-87.602570
7644.287109	-87.750938
7665.820312	-87.743515
7687.353516	-88.081810
7708.886719	-87.968758
7730.419922	-88.198692
7751.953125	-87.920975
7773.486328	-87.461967
7795.019531	-88.169945
7816.552734	-88.137459
7838.085938	-88.087059
7859.619141	-88.416504
7881.152344	-88.883781
7902.685547	-88.967667
7924.218750	-88.689575
7945.751953	-88.151154
7967.285156	-87.853111
7988.818359	-87.956062
8010.351562	-87.937828
8031.884766	-88.049088
8053.417969	-87.558533
8074.951172	-87.088539
8096.484375	-87.141632
8118.017578	-87.617500
8139.550781	-87.912033
8161.083984	-88.610451
8182.617188	-89.340652
8204.150391	-91.125702
8225.683594	-92.735352
8247.216797	-94.533356
8268.750000	-97.461075
8290.283203	-101.916290
8311.816406	-103.201988
8333.349609	-100.133858
8354.882812	-96.832390
8376.416016	-96.098061
8397.949219	-94.997765
8419.482422	-94.947601
8441.015625	-94.403740
8462.548828	-93.542229
8484.082031	-93.299835
8505.615234	-93.004311
8527.148438	-91.788849
8548.681641	-91.529213
8570.214844	-90.844437
8591.748047	-89.819130
8613.281250	-89.426590
8634.814453	-89.059578
8656.347656	-88.763046
8677.880859	-88.240982
8699.414062	-88.365509
8720.947266	-88.481949
8742.480469	-88.685692
8764.013672	-88.741966
8785.546875	-88.775688
8807.080078	-89.242966
8828.613281	-89.451210
8850.146484	-89.184067
8871.679688	-89.139282
8893.212891	-89.074364
8914.746094	-89.122002
8936.279297	-89.103775
8957.812500	-88.859581
8979.345703	-89.208595
9000.878906	-89.069580
9022.412109	-89.446007
9043.945312	-89.633202
9065.478516	-89.687996
9087.011719	-90.236916
9108.544922	-90.751793
9130.078125	-90.651016
9151.611328	-90.757370
9173.144531	-91.732239
9194.677734	-92.417465
9216.210938	-93.084229
9237.744141	-93.048561
9259.277344	-92.514244
9280.810547	-91.811531
9302.343750	-91.684334
9323.876953	-90.945679
9345.410156	-89.857811
9366.943359	-89.162018
9388.476562	-88.329857
9410.009766	-87.874947
9431.542969	-88.174004
9453.076172	-87.876541
9474.609375	-88.096413
9496.142578	-88.408592
9517.675781	-88.781830
9539.208984	-89.566406
9560.742188	-90.655403
9582.275391	-92.671463
9603.808594	-93.840256
9625.341797	-95.546593
9646.875000	-96.093163
9668.408203	-95.312325
9689.941406	-94.075264
9711.474609	-92.431793
9733.007812	-90.665443
9754.541016	-89.033165
9776.074219	-88.498566
9797.607422	-87.508881
9819.140625	-87.157990
9840.673828	-86.946129
9862.207031	-87.150505
9883.740234	-87.444244
9905.273438	-87.838577
9926.806641	-87.201729
9948.339844	-86.207771
9969.873047	-86.270081
9991.406250	-86.170776
10012.939453	-86.000214
10034.472656	-85.826660
10056.005859	-85.537735
10077.539062	-85.587105
10099.072266	-85.677010
10120.605469	-85.279907
10142.138672	-84.945808
10163.671875	-85.098053
10185.205078	-85.792976
10206.738281	-85.696266
10228.271484	-86.225410
10249.804688	-86.786980
10271.337891	-87.022133
10292.871094	-87.669403
10314.404297	-88.140121
10335.937500	-89.278030
10357.470703	-90.058472
10379.003906	-90.599480
10400.537109	-90.503418
10422.070312	-90.137123
10443.603516	-89.555176
10465.136719	-88.839417
10486.669922	-87.602882
10508.203125	-86.655289
10529.736328	-85.635292
10551.269531	-84.159431
10572.802734	-83.412529
10594.335938	-82.461433
10615.869141	-81.771271
10637.402344	-81.070465
10658.935547	-80.964233
10680.468750	-80.742569
10702.001953	-79.936172
10723.535156	-78.815155
10745.068359	-78.401863
10766.601562	-78.072983
10788.134766	-77.317650
10809.667969	-77.136047
10831.201172	-76.653404
10852.734375	-76.153236
10874.267578	-76.295593
10895.800781	-76.007088
10917.333984	-75.827141
10938.867188	-76.186569
10960.400391	-76.598137
10981.933594	-77.273140
11003.466797	-77.013275
11025.000000	-76.969788
11046.533203	-77.351974
11068.066406	-77.962967
11089.599609	-78.303001
11111.132812	-79.058975
11132.666016	-79.224052
11154.199219	-79.792534
11175.732422	-80.737556
11197.265625	-82.118134
11218.798828	-82.614067
11240.332031	-83.364540
11261.865234	-85.071510
11283.398438	-86.588226
11304.931641	-87.690987
11326.464844	-88.954811
11347.998047	-89.999336
11369.531250	-91.406242
11391.064453	-92.638428
11412.597656	-92.426514
11434.130859	-90.942810
11455.664062	-88.772850
11477.197266	-87.027351
11498.730469	-85.307037
11520.263672	-84.066261
11541.796875	-82.618874
11563.330078	-81.627075
11584.863281	-81.231796
11606.396484	-80.177757
11627.929688	-79.364029
11649.462891	-79.015747
11670.996094	-78.764320
11692.529297	-78.486000
11714.062500	-78.530495
11735.595703	-78.841774
11757.128906	-78.890816
11778.662109	-79.122742
11800.195312	-79.618996
11821.728516	-79.737839
11843.261719	-80.019852
11864.794922	-80.592560
11886.328125	-81.529678
11907.861328	-82.349495
11929.394531	-83.357315
11950.927734	-84.697586
11972.460938	-86.365585
11993.994141	-88.183182
12015.527344	-90.449020
12037.060547	-92.661819
12058.593750	-93.609581
12080.126953	-93.135902
12101.660156	-90.079254
12123.193359	-87.886040
12144.726562	-85.843819
12166.259766	-84.206680
12187.792969	-83.468147
12209.326172	-82.538216
12230.859375	-82.045738
12252.392578	-81.843269
12273.925781	-81.825623
12295.458984	-82.029236
12316.992188	-81.924889
12338.525391	-81.919434
12360.058594	-82.251404
12381.591797	-82.613480
12403.125000	-82.277222
12424.658203	-82.380119
12446.191406	-82.447777
12467.724609	-82.576744
12489.257812	-82.702095
12510.791016	-83.057945
12532.324219	-84.173538
12553.857422	-84.961800
12575.390625	-85.443954
12596.923828	-86.048851
12618.457031	-86.839401
12639.990234	-87.861603
12661.523438	-88.843384
12683.056641	-89.917999
12704.589844	-89.981667
12726.123047	-89.728340
12747.656250	-88.521736
12769.189453	-87.373787
12790.722656	-86.289192
12812.255859	-84.791267
12833.789062	-83.602524
12855.322266	-82.567780
12876.855469	-81.372704
12898.388672	-80.703659
12919.921875	-80.276878
12941.455078	-79.842339
12962.988281	-78.859192
12984.521484	-78.681084
13006.054688	-78.492775
13027.587891	-78.360886
13049.121094	-78.008057
13070.654297	-77.848022
13092.187500	-78.038307
13113.720703	-78.268448
13135.253906	-78.518318
13156.787109	-78.764122
13178.320312	-79.356415
13199.853516	-79.651009
13221.386719	-80.230263
13242.919922	-80.932808
13264.453125	-81.511871
13285.986328	-82.510681
13307.519531	-83.864792
13329.052734	-84.961494
13350.585938	-85.806900
13372.119141	-87.096100
13393.652344	-88.375023
13415.185547	-89.564857
13436.718750	-90.956009
13458.251953	-92.248772
13479.785156	-94.816628
13501.318359	-96.591026
13522.851562	-98.515503
13544.384766	-99.052727
13565.917969	-99.606514
13587.451172	-102.781448
13608.984375	-103.603401
13630.517578	-103.344597
13652.050781	-99.585388
13673.583984	-100.821548
13695.117188	-101.793823
13716.650391	-100.798843
13738.183594	-98.785469
13759.716797	-97.101807
13781.250000	-98.470680
13802.783203	-98.286301
13824.316406	-97.896523
13845.849609	-96.735924
13867.382812	-96.732597
13888.916016	-97.193794
13910.449219	-97.256065
13931.982422	-97.278954
13953.515625	-95.455330
13975.048828	-96.453377
13996.582031	-97.094788
14018.115234	-96.811157
14039.648438	-95.938438
14061.181641	-95.282097
14082.714844	-96.284035
14104.248047	-96.187881
14125.781250	-96.067032
14147.314453	-95.380234
14168.847656	-95.189659
14190.380859	-95.658653
14211.914062	-95.762962
14233.447266	-95.113693
14254.980469	-93.896851
14276.513672	-95.187469
14298.046875	-96.292244
14319.580078	-95.916359
14341.113281	-95.127144
14362.646484	-94.966316
14384.179688	-95.262970
14405.712891	-95.541832
14427.246094	-95.899971
14448.779297	-94.698303
14470.312500	-94.872826
14491.845703	-96.153236
14513.378906	-96.170219
14534.912109	-95.766228
14556.445312	-94.132462
14577.978516	-95.797554
14599.511719	-96.765495
14621.044922	-97.040489
14642.578125	-96.534790
14664.111328	-96.441200
14685.644531	-98.304085
14707.177734	-98.463165
14728.710938	-98.849403
14750.244141	-96.532875
14771.777344	-97.751549
14793.310547	-100.127449
14814.843750	-100.691124
14836.376953	-100.666779
14857.910156	-99.249397
14879.443359	-101.485085
14900.976562	-102.227684
14922.509766	-102.849113
14944.042969	-99.800034
14965.576172	-99.234550
14987.109375	-103.614967
15008.642578	-104.036591
15030.175781	-103.332626
15051.708984	-98.492546
15073.242188	-100.879143
15094.775391	-104.949646
15116.308594	-104.719963
15137.841797	-102.540138
15159.375000	-100.042633
15180.908203	-103.581299
15202.441406	-104.144073
15223.974609	-104.208771
15245.507812	-99.416862
15267.041016	-99.057816
15288.574219	-104.068771
15310.107422	-104.009033
15331.640625	-103.081642
15353.173828	-98.409218
15374.707031	-101.333733
15396.240234	-104.179306
15417.773438	-103.940460
15439.306641	-100.802643
15460.839844	-98.278893
15482.373047	-103.270294
15503.906250	-104.498260
15525.439453	-104.058258
15546.972656	-98.503403
15568.505859	-98.804947
15590.039062	-104.193886
15611.572266	-103.940552
15633.105469	-103.151085
15654.638672	-99.407730
15676.171875	-102.022446
15697.705078	-104.123055
15719.238281	-104.063309
15740.771484	-100.479218
15762.304688	-98.295563
15783.837891	-103.369934
15805.371094	-104.170189
15826.904297	-103.797935
15848.437500	-98.002899
15869.970703	-98.953049
15891.503906	-103.906990
15913.037109	-103.435539
15934.570312	-102.367638
15956.103516	-98.440132
15977.636719	-101.613586
15999.169922	-103.706070
16020.703125	-103.536629
16042.236328	-99.124634
16063.769531	-97.383202
16085.302734	-102.563522
16106.835938	-102.720146
16128.369141	-102.628632
16149.902344	-98.287933
16171.435547	-99.382759
16192.968750	-102.794960
16214.501953	-102.249130
16236.035156	-101.066238
16257.568359	-97.920303
16279.101562	-101.055023
16300.634766	-102.329666
16322.167969	-102.235283
16343.701172	-98.018280
16365.234375	-97.054672
16386.767578	-101.924492
16408.300781	-101.938599
16429.833984	-102.040154
16451.367188	-97.828247
16472.900391	-99.441330
16494.433594	-102.337646
16515.966797	-101.861763
16537.500000	-99.267166
16559.033203	-96.030167
16580.566406	-100.124809
16602.099609	-101.664284
16623.632812	-101.610703
16645.166016	-97.421387
16666.699219	-96.935135
16688.232422	-101.397072
16709.765625	-101.027092
16731.298828	-100.811966
16752.832031	-96.931374
16774.365234	-98.922699
16795.898438	-101.372391
16817.431641	-100.835091
16838.964844	-98.014275
16860.498047	-95.120918
16882.031250	-99.596329
16903.564453	-100.720383
16925.097656	-100.743889
16946.630859	-97.462456
16968.164062	-97.332603
16989.697266	-100.628365
17011.230469	-100.046593
17032.763672	-99.664665
17054.296875	-96.430199
17075.830078	-98.280075
17097.363281	-100.126488
17118.896484	-100.162018
17140.429688	-97.739365
17161.962891	-95.796181
17183.496094	-99.656158
17205.029297	-99.647881
17226.562500	-99.739136
17248.095703	-95.718246
17269.628906	-96.100914
17291.162109	-100.017357
17312.695312	-99.481789
17334.228516	-97.914757
17355.761719	-93.989960
17377.294922	-96.725143
17398.828125	-99.168503
17420.361328	-98.914154
17441.894531	-96.258820
17463.427734	-94.621925
17484.960938	-98.391426
17506.494141	-98.323921
17528.027344	-98.141441
17549.560547	-95.071915
17571.093750	-95.792480
17592.626953	-98.481277
17614.160156	-98.004868
17635.693359	-97.009995
17657.226562	-93.990829
17678.759766	-96.750755
17700.292969	-97.740463
17721.826172	-97.846634
17743.359375	-96.082603
17764.892578	-95.142418
17786.425781	-97.572334
17807.958984	-97.415161
17829.492188	-97.597160
17851.025391	-94.466972
17872.558594	-95.364532
17894.091797	-97.554680
17915.625000	-97.256737
17937.158203	-95.755463
17958.691406	-92.653694
17980.224609	-91.307121
18001.757812	-93.491798
18023.291016	-97.096451
18044.824219	-94.359428
18066.357422	-93.640167
18087.890625	-96.972923
18109.423828	-96.917259
18130.957031	-95.858322
18152.490234	-91.564003
18174.023438	-93.303932
18195.556641	-96.481529
18217.089844	-96.427277
18238.623047	-94.683830
18260.156250	-92.333557
18281.689453	-95.428543
18303.222656	-95.932823
18324.755859	-96.195976
18346.289062	-93.079483
18367.822266	-92.609711
18389.355469	-95.919090
18410.888672	-95.213737
18432.421875	-95.486046
18453.955078	-92.408730
18475.488281	-94.121536
18497.021484	-95.441795
18518.554688	-95.293617
18540.087891	-94.802086
18561.621094	-92.923706
18583.154297	-95.328712
18604.687500	-94.782799
18626.220703	-95.489601
18647.753906	-92.262161
18669.287109	-92.480804
18690.820312	-95.664726
18712.353516	-95.067131
18733.886719	-94.520996
18755.419922	-91.166603
18776.953125	-93.704765
18798.486328	-95.482849
18820.019531	-95.193153
18841.552734	-92.849388
18863.085938	-90.960457
18884.619141	-94.687263
18906.152344	-94.732735
18927.685547	-94.912758
18949.218750	-91.418839
18970.751953	-91.938652
18992.285156	-95.082939
19013.818359	-94.517288
19035.351562	-93.617584
19056.884766	-90.269722
19078.417969	-93.187836
19099.951172	-94.230721
19121.484375	-94.289268
19143.017578	-92.050949
19164.550781	-90.573029
19186.083984	-94.016624
19207.617188	-93.787521
19229.150391	-94.624329
19250.683594	-90.962708
19272.216797	-91.544952
19293.750000	-94.210129
19315.283203	-93.557518
19336.816406	-93.114594
19358.349609	-90.697540
19379.882812	-93.297340
19401.416016	-93.349854
19422.949219	-93.642860
19444.482422	-91.487793
19466.015625	-90.528389
19487.548828	-93.944420
19509.082031	-93.647415
19530.615234	-93.944740
19552.148438	-90.189842
19573.681641	-91.699287
19595.214844	-94.000481
19616.748047	-93.378860
19638.281250	-93.151382
19659.814453	-91.055405
19681.347656	-93.660500
19702.880859	-93.393135
19724.414062	-94.132538
19745.947266	-91.237083
19767.480469	-90.615685
19789.013672	-93.902550
19810.546875	-93.407494
19832.080078	-94.154938
19853.613281	-92.155357
19875.146484	-93.592148
19896.679688	-94.448372
19918.212891	-94.285645
19939.746094	-93.793381
19961.279297	-91.315575
19982.812500	-93.927567
20004.345703	-94.651703
20025.878906	-94.766129
20047.412109	-92.622993
20068.945312	-92.723434
20090.478516	-95.015938
20112.011719	-94.790283
20133.544922	-95.337875
20155.078125	-93.282677
20176.611328	-94.724457
20198.144531	-95.712624
20219.677734	-95.522263
20241.210938	-94.445518
20262.744141	-92.992767
20284.277344	-95.504158
20305.810547	-95.535805
20327.343750	-96.071617
20348.876953	-94.759087
20370.410156	-94.994865
20391.943359	-96.663376
20413.476562	-96.998245
20435.009766	-96.737144
20456.542969	-94.551155
20478.076172	-96.303764
20499.609375	-97.046707
20521.142578	-97.171272
20542.675781	-96.812889
20564.208984	-96.497971
20585.742188	-97.998367
20607.275391	-97.613373
20628.808594	-98.180290
20650.341797	-96.909370
20671.875000	-97.369843
20693.408203	-98.405144
20714.941406	-98.465675
20736.474609	-98.302223
20758.007812	-97.104607
20779.541016	-98.372505
20801.074219	-99.102608
20822.607422	-99.376823
20844.140625	-98.425850
20865.673828	-97.861252
20887.207031	-99.556084
20908.740234	-99.419968
20930.273438	-99.611908
20951.806641	-98.241211
20973.339844	-98.929138
20994.873047	-100.246971
21016.406250	-100.142540
21037.939453	-99.909851
21059.472656	-98.599510
21081.005859	-100.276878
21102.539062	-100.984581
21124.072266	-101.391304
21145.605469	-100.433250
21167.138672	-100.039589
21188.671875	-101.333809
21210.205078	-101.448349
21231.738281	-101.611610
21253.271484	-100.173004
21274.804688	-101.205750
21296.337891	-102.242119
21317.871094	-102.416122
21339.404297	-102.533524
21360.937500	-101.679237
21382.470703	-102.585625
21404.003906	-102.476013
21425.537109	-102.791809
21447.070312	-102.199226
21468.603516	-102.068970
21490.136719	-103.160294
21511.669922	-103.009811
21533.203125	-103.042061
21554.736328	-101.748230
21576.269531	-103.163132
21597.802734	-103.526505
21619.335938	-103.304520
21640.869141	-103.195038
21662.402344	-102.333138
21683.935547	-103.540390
21705.468750	-103.549171
21727.001953	-103.503021
21748.535156	-102.370468
21770.068359	-102.566299
21791.601562	-104.007851
21813.134766	-104.009537
21834.667969	-103.980751
21856.201172	-103.140839
21877.734375	-103.946327
21899.267578	-104.180702
21920.800781	-104.353012
21942.333984	-103.730759
21963.867188	-103.316620
21985.400391	-104.209602
22006.933594	-104.221428
22028.466797	-104.254936
