Frequency (Hz)	Level (dB)
43.066406	-44.575470
86.132812	-48.506851
129.199219	-66.479507
172.265625	-74.481270
215.332031	-75.709503
258.398438	-73.750351
301.464844	-70.335106
344.531250	-68.521568
387.597656	-72.383156
430.664062	-73.392624
473.730469	-74.365005
516.796875	-81.141586
559.863281	-81.090401
602.929688	-77.355797
645.996094	-70.918900
689.062500	-75.509369
732.128906	-77.765091
775.195312	-78.258301
818.261719	-83.804123
861.328125	-85.805420
904.394531	-80.258575
947.460938	-73.950279
990.527344	-78.509697
1033.593750	-87.484306
1076.660156	-89.484093
1119.726562	-87.838737
1162.792969	-86.295998
1205.859375	-89.334007
1248.925781	-84.618477
1291.992188	-88.714897
1335.058594	-91.899643
1378.125000	-92.364250
1421.191406	-89.878723
1464.257812	-85.647224
1507.324219	-83.189186
1550.390625	-85.117462
1593.457031	-89.794312
1636.523438	-91.356041
1679.589844	-92.037308
1722.656250	-87.794235
1765.722656	-86.801239
1808.789062	-92.507721
1851.855469	-93.315292
1894.921875	-95.043495
1937.988281	-93.406906
1981.054688	-91.713028
2024.121094	-83.482681
2067.187500	-78.962463
2110.253906	-76.763435
2153.320312	-78.444633
2196.386719	-83.562386
2239.453125	-87.096329
2282.519531	-89.257973
2325.585938	-90.699921
2368.652344	-89.768761
2411.718750	-87.734756
2454.785156	-87.594788
2497.851562	-87.222504
2540.917969	-85.802773
2583.984375	-85.075790
2627.050781	-87.458366
2670.117188	-88.754692
2713.183594	-89.522690
2756.250000	-90.334190
2799.316406	-90.276474
2842.382812	-90.370331
2885.449219	-90.521904
2928.515625	-90.580292
2971.582031	-90.375069
3014.648438	-88.770607
3057.714844	-85.698662
3100.781250	-82.115799
3143.847656	-79.288780
3186.914062	-79.281578
3229.980469	-81.062569
3273.046875	-82.558792
3316.113281	-82.319176
3359.179688	-81.520325
3402.246094	-82.688736
3445.312500	-85.747879
3488.378906	-89.421349
3531.445312	-93.436485
3574.511719	-96.212311
3617.578125	-98.512337
3660.644531	-100.128334
3703.710938	-102.697021
3746.777344	-103.024162
3789.843750	-103.014786
3832.910156	-104.216438
3875.976562	-104.117958
3919.042969	-102.914085
3962.109375	-98.567902
4005.175781	-92.988022
4048.242188	-88.415192
4091.308594	-86.320099
4134.375000	-85.840088
4177.441406	-85.899406
4220.507812	-85.558701
4263.574219	-84.907516
4306.640625	-84.550041
4349.707031	-83.448578
4392.773438	-83.366356
4435.839844	-84.985550
4478.906250	-87.297058
4521.972656	-89.139275
4565.039062	-90.146263
4608.105469	-90.769928
4651.171875	-91.268639
4694.238281	-92.099442
4737.304688	-93.967979
4780.371094	-96.341354
4823.437500	-96.157104
4866.503906	-93.264771
4909.570312	-89.784546
4952.636719	-87.407722
4995.703125	-85.373260
5038.769531	-84.016777
5081.835938	-84.023865
5124.902344	-84.227943
5167.968750	-84.616920
5211.035156	-86.055077
5254.101562	-85.351021
5297.167969	-83.597069
5340.234375	-82.820137
5383.300781	-83.415436
5426.367188	-80.815216
5469.433594	-79.180008
5512.500000	-79.292839
5555.566406	-79.230713
5598.632812	-79.901527
5641.699219	-81.618607
5684.765625	-80.893692
5727.832031	-74.472702
5770.898438	-70.342995
5813.964844	-68.255600
5857.031250	-67.434975
5900.097656	-67.362854
5943.164062	-68.325890
5986.230469	-70.729225
6029.296875	-73.836693
6072.363281	-74.298187
6115.429688	-73.438133
6158.496094	-73.162872
6201.562500	-73.113754
6244.628906	-73.553711
6287.695312	-73.686493
6330.761719	-73.474869
6373.828125	-72.539131
6416.894531	-71.815369
6459.960938	-70.833603
6503.027344	-70.117012
6546.093750	-70.348335
6589.160156	-71.207687
6632.226562	-72.809181
6675.292969	-74.833839
6718.359375	-76.517097
6761.425781	-77.686920
6804.492188	-76.515388
6847.558594	-74.825432
6890.625000	-74.100380
6933.691406	-73.918030
6976.757812	-74.543312
7019.824219	-75.843483
7062.890625	-77.178703
7105.957031	-78.432785
7149.023438	-80.886391
7192.089844	-84.903076
7235.156250	-87.760696
7278.222656	-87.704781
7321.289062	-86.807976
7364.355469	-86.585533
7407.421875	-86.494064
7450.488281	-86.321976
7493.554688	-86.753883
7536.621094	-87.034050
7579.687500	-87.425781
7622.753906	-88.365364
7665.820312	-89.977272
7708.886719	-92.619247
7751.953125	-95.241608
7795.019531	-96.377029
7838.085938	-93.590714
7881.152344	-90.167160
7924.218750	-87.548820
7967.285156	-86.345596
8010.351562	-85.758583
8053.417969	-85.083138
8096.484375	-84.357803
8139.550781	-84.200241
8182.617188	-84.442917
8225.683594	-84.699265
8268.750000	-84.738800
8311.816406	-84.987503
8354.882812	-84.894348
8397.949219	-84.431656
8441.015625	-84.742706
8484.082031	-85.698082
8527.148438	-87.347870
8570.214844	-89.840454
8613.281250	-91.973358
8656.347656	-93.476051
8699.414062	-95.187279
8742.480469	-98.016167
8785.546875	-102.491020
8828.613281	-106.730675
8871.679688	-106.453781
8914.746094	-103.133461
8957.812500	-99.011131
9000.878906	-95.823616
9043.945312	-93.128479
9087.011719	-91.245621
9130.078125	-89.929253
9173.144531	-89.391167
9216.210938	-89.806465
9259.277344	-90.183586
9302.343750	-89.958405
9345.410156	-89.363396
9388.476562	-89.013161
9431.542969	-89.167725
9474.609375	-89.855896
9517.675781	-90.890907
9560.742188	-92.082405
9603.808594	-94.548943
9646.875000	-97.697411
9689.941406	-97.921593
9733.007812	-94.526436
9776.074219	-92.241562
9819.140625	-89.929573
9862.207031	-88.848145
9905.273438	-88.062973
9948.339844	-86.821259
9991.406250	-85.744286
10034.472656	-84.736015
10077.539062	-84.248482
10120.605469	-83.643791
10163.671875	-82.747032
10206.738281	-81.969688
10249.804688	-81.199898
10292.871094	-80.543716
10335.937500	-80.701874
10379.003906	-81.804619
10422.070312	-83.358665
10465.136719	-86.041115
10508.203125	-91.039833
10551.269531	-93.551315
10594.335938	-87.236671
10637.402344	-83.052612
10680.468750	-80.592758
10723.535156	-78.591461
10766.601562	-77.848610
10809.667969	-77.622696
10852.734375	-77.274750
10895.800781	-77.599472
10938.867188	-78.250748
10981.933594	-79.413185
11025.000000	-80.528130
11068.066406	-82.602921
11111.132812	-83.986740
11154.199219	-83.883156
11197.265625	-82.992500
11240.332031	-82.135643
11283.398438	-82.176552
11326.464844	-82.042641
11369.531250	-81.959572
11412.597656	-82.095261
11455.664062	-82.128326
11498.730469	-81.361259
11541.796875	-80.037285
11584.863281	-79.255516
11627.929688	-78.485245
11670.996094	-78.131950
11714.062500	-78.143372
11757.128906	-78.414597
11800.195312	-78.769104
11843.261719	-79.114647
11886.328125	-79.728371
11929.394531	-80.632278
11972.460938	-81.914452
12015.527344	-83.396912
12058.593750	-85.159920
12101.660156	-86.693542
12144.726562	-87.223442
12187.792969	-87.126572
12230.859375	-86.133331
12273.925781	-85.146370
12316.992188	-84.177460
12360.058594	-83.157227
12403.125000	-82.500282
12446.191406	-81.831161
12489.257812	-81.428772
12532.324219	-81.937012
12575.390625	-82.184303
12618.457031	-82.138191
12661.523438	-81.389412
12704.589844	-80.916275
12747.656250	-81.099045
12790.722656	-81.675842
12833.789062	-82.684959
12876.855469	-83.945976
12919.921875	-85.222847
12962.988281	-86.322639
13006.054688	-87.391800
13049.121094	-87.847000
13092.187500	-88.114906
13135.253906	-88.417732
13178.320312	-88.494270
13221.386719	-88.232330
13264.453125	-88.401924
13307.519531	-89.147636
13350.585938	-89.898308
13393.652344	-90.546196
13436.718750	-91.329247
13479.785156	-92.637894
13522.851562	-94.047066
13565.917969	-95.655014
13608.984375	-97.656929
13652.050781	-99.718712
13695.117188	-102.400177
13738.183594	-103.828964
13781.250000	-105.589981
13824.316406	-105.594513
13867.382812	-104.471382
13910.449219	-103.788109
13953.515625	-103.204185
13996.582031	-103.421951
14039.648438	-103.453354
14082.714844	-104.119492
14125.781250	-104.627541
14168.847656	-105.151070
14211.914062	-104.719421
14254.980469	-103.631599
14298.046875	-105.066612
14341.113281	-104.663910
14384.179688	-105.102371
14427.246094	-104.759682
14470.312500	-104.597893
14513.378906	-104.736488
14556.445312	-104.309952
14599.511719	-105.976158
14642.578125	-105.418503
14685.644531	-105.107483
14728.710938	-103.965454
14771.777344	-104.143082
14814.843750	-104.590057
14857.910156	-103.945267
14900.976562	-105.030823
14944.042969	-104.918777
14987.109375	-104.915520
15030.175781	-103.708641
15073.242188	-104.250679
15116.308594	-104.923241
15159.375000	-104.374939
15202.441406	-104.127319
15245.507812	-103.186661
15288.574219	-103.304176
15331.640625	-102.779335
15374.707031	-102.795113
15417.773438	-102.754250
15460.839844	-102.010529
15503.906250	-102.198166
15546.972656	-101.613800
15590.039062	-101.651077
15633.105469	-101.096550
15676.171875	-100.896599
15719.238281	-100.455322
15762.304688	-99.918320
15805.371094	-100.144600
15848.437500	-99.881859
15891.503906	-100.426926
15934.570312	-100.383148
15977.636719	-100.920326
16020.703125	-100.452835
16063.769531	-99.989296
16106.835938	-100.834091
16149.902344	-100.487640
16192.968750	-101.039314
16236.035156	-101.052078
16279.101562	-100.938179
16322.167969	-100.658119
16365.234375	-100.681656
16408.300781	-101.016182
16451.367188	-100.860001
16494.433594	-100.796120
16537.500000	-100.119682
16580.566406	-100.388191
16623.632812	-100.148697
16666.699219	-100.038704
16709.765625	-100.348450
16752.832031	-100.144035
16795.898438	-100.088661
16838.964844	-98.871964
16882.031250	-99.428543
16925.097656	-99.615891
16968.164062	-99.447815
17011.230469	-99.680832
17054.296875	-99.520302
17097.363281	-99.544014
17140.429688	-98.790749
17183.496094	-98.965904
17226.562500	-98.669685
17269.628906	-98.540016
17312.695312	-98.456589
17355.761719	-97.759232
17398.828125	-98.320747
17441.894531	-97.392738
17484.960938	-98.115974
17528.027344	-98.089615
17571.093750	-98.046043
17614.160156	-97.771294
17657.226562	-97.380608
17700.292969	-97.606537
17743.359375	-97.457748
17786.425781	-97.508575
17829.492188	-97.221268
17872.558594	-97.343018
17915.625000	-97.044418
17958.691406	-92.978928
18001.757812	-92.247078
18044.824219	-96.403442
18087.890625	-96.733864
18130.957031	-95.616226
18174.023438	-95.767143
18217.089844	-96.174454
18260.156250	-95.604271
18303.222656	-96.191589
18346.289062	-95.201225
18389.355469	-95.793030
18432.421875	-95.402000
18475.488281	-95.597977
18518.554688	-95.782524
18561.621094	-95.314682
18604.687500	-95.562988
18647.753906	-95.185707
18690.820312	-95.683380
18733.886719	-95.293655
18776.953125	-95.413620
18820.019531	-95.633659
18863.085938	-95.452187
18906.152344	-95.579865
18949.218750	-95.020081
18992.285156	-95.357460
19035.351562	-94.688103
19078.417969	-94.986359
19121.484375	-94.558708
19164.550781	-94.501572
19207.617188	-94.832283
19250.683594	-94.376221
19293.750000	-94.805725
19336.816406	-94.180191
19379.882812	-94.147476
19422.949219	-93.826431
19466.015625	-93.786484
19509.082031	-94.258179
19552.148438	-94.406448
19595.214844	-94.551796
19638.281250	-94.146721
19681.347656	-93.844330
19724.414062	-93.786987
19767.480469	-93.896439
19810.546875	-94.011238
19853.613281	-93.753265
19896.679688	-94.067291
19939.746094	-93.426682
19982.812500	-93.934074
20025.878906	-93.900734
20068.945312	-94.058662
20112.011719	-94.307556
20155.078125	-94.353882
20198.144531	-94.297256
20241.210938	-94.207016
20284.277344	-94.468033
20327.343750	-94.211838
20370.410156	-94.534828
20413.476562	-94.873268
20456.542969	-94.741928
20499.609375	-95.087036
20542.675781	-95.022850
20585.742188	-95.196342
20628.808594	-95.283752
20671.875000	-95.469559
20714.941406	-95.655144
20758.007812	-95.952721
20801.074219	-96.157776
20844.140625	-96.246490
20887.207031	-96.589302
20930.273438	-96.989548
20973.339844	-97.240120
21016.406250	-97.615417
21059.472656	-97.881783
21102.539062	-98.323349
21145.605469	-98.787888
21188.671875	-98.983871
21231.738281	-99.096535
21274.804688	-99.103546
21317.871094	-99.224228
21360.937500	-99.269478
21404.003906	-99.307205
21447.070312	-99.167839
21490.136719	-99.176750
21533.203125	-99.279007
21576.269531	-99.299812
21619.335938	-99.354645
21662.402344	-99.348106
21705.468750	-99.304939
21748.535156	-99.143883
21791.601562	-99.154648
21834.667969	-99.080345
21877.734375	-98.995895
21920.800781	-99.103004
21963.867188	-99.171684
22006.933594	-99.190254
