Frequency (Hz)	Level (dB)
21.533203	-55.418201
43.066406	-44.735405
64.599609	-46.785198
86.132812	-62.917755
107.666016	-64.464462
129.199219	-70.754494
150.732422	-74.618332
172.265625	-79.767639
193.798828	-75.285851
215.332031	-75.509560
236.865234	-77.082405
258.398438	-75.784340
279.931641	-72.970367
301.464844	-68.805656
322.998047	-67.620476
344.531250	-66.385643
366.064453	-69.474007
387.597656	-75.265221
409.130859	-76.095612
430.664062	-74.209602
452.197266	-70.126709
473.730469	-73.790955
495.263672	-75.057487
516.796875	-74.304794
538.330078	-73.971962
559.863281	-76.957123
581.396484	-81.337471
602.929688	-82.621964
624.462891	-78.479080
645.996094	-70.548729
667.529297	-74.007011
689.062500	-87.979546
710.595703	-87.683861
732.128906	-79.323563
753.662109	-75.505936
775.195312	-82.735382
796.728516	-83.711433
818.261719	-86.836670
839.794922	-87.832916
861.328125	-86.761024
882.861328	-87.551476
904.394531	-86.954514
925.927734	-80.418060
947.460938	-73.331108
968.994141	-76.621994
990.527344	-85.198952
1012.060547	-88.193268
1033.593750	-94.580132
1055.126953	-95.226379
1076.660156	-98.389816
1098.193359	-97.223083
1119.726562	-96.219002
1141.259766	-86.516899
1162.792969	-87.226265
1184.326172	-96.254242
1205.859375	-95.862434
1227.392578	-88.340271
1248.925781	-81.560745
1270.458984	-86.253525
1291.992188	-92.894249
1313.525391	-93.118690
1335.058594	-91.139114
1356.591797	-87.998558
1378.125000	-85.320663
1399.658203	-81.582848
1421.191406	-81.977310
1442.724609	-84.265305
1464.257812	-84.898888
1485.791016	-84.217865
1507.324219	-84.214775
1528.857422	-85.280998
1550.390625	-84.803070
1571.923828	-87.021118
1593.457031	-86.840508
1614.990234	-85.211121
1636.523438	-84.558693
1658.056641	-84.568092
1679.589844	-85.126221
1701.123047	-84.761261
1722.656250	-85.099113
1744.189453	-84.031380
1765.722656	-84.720726
1787.255859	-86.318382
1808.789062	-87.347588
1830.322266	-89.081505
1851.855469	-91.646599
1873.388672	-96.304398
1894.921875	-96.149750
1916.455078	-90.789574
1937.988281	-84.323616
1959.521484	-79.884102
1981.054688	-77.895287
2002.587891	-78.518265
2024.121094	-81.023445
2045.654297	-77.557533
2067.187500	-73.609444
2088.720703	-71.957535
2110.253906	-72.564346
2131.787109	-73.504341
2153.320312	-74.547035
2174.853516	-76.172890
2196.386719	-78.597549
2217.919922	-81.608955
2239.453125	-84.561668
2260.986328	-87.726181
2282.519531	-87.799828
2304.052734	-85.818260
2325.585938	-85.029167
2347.119141	-84.551941
2368.652344	-83.758575
2390.185547	-81.665627
2411.718750	-78.333481
2433.251953	-74.814949
2454.785156	-72.281075
2476.318359	-72.473534
2497.851562	-75.085609
2519.384766	-77.726295
2540.917969	-79.555496
2562.451172	-81.050003
2583.984375	-82.917221
2605.517578	-85.866234
2627.050781	-88.431366
2648.583984	-88.587250
2670.117188	-87.989136
2691.650391	-87.844994
2713.183594	-87.807907
2734.716797	-88.340240
2756.250000	-88.790802
2777.783203	-89.039841
2799.316406	-88.974777
2820.849609	-89.654366
2842.382812	-90.296524
2863.916016	-90.977318
2885.449219	-91.167015
2906.982422	-89.753067
2928.515625	-88.815666
2950.048828	-87.503639
2971.582031	-85.657173
2993.115234	-84.952560
3014.648438	-85.080658
3036.181641	-85.044548
3057.714844	-85.271408
3079.248047	-86.417931
3100.781250	-86.945381
3122.314453	-87.192093
3143.847656	-87.184586
3165.380859	-87.544128
3186.914062	-88.755531
3208.447266	-90.080551
3229.980469	-89.746681
3251.513672	-87.822411
3273.046875	-85.343788
3294.580078	-83.174965
3316.113281	-80.932732
3337.646484	-79.305389
3359.179688	-78.509018
3380.712891	-78.316139
3402.246094	-78.611855
3423.779297	-79.375580
3445.312500	-78.940178
3466.845703	-77.567215
3488.378906	-76.294296
3509.912109	-75.061523
3531.445312	-75.375481
3552.978516	-76.004799
3574.511719	-76.642540
3596.044922	-76.837181
3617.578125	-77.696533
3639.111328	-78.678169
3660.644531	-80.040321
3682.177734	-81.502174
3703.710938	-83.783508
3725.244141	-85.279839
3746.777344	-85.607979
3768.310547	-86.212250
3789.843750	-87.096565
3811.376953	-87.369514
3832.910156	-88.088051
3854.443359	-88.890411
3875.976562	-89.728561
3897.509766	-89.677925
3919.042969	-89.851768
3940.576172	-89.953987
3962.109375	-90.284660
3983.642578	-90.297737
4005.175781	-89.451378
4026.708984	-87.945839
4048.242188	-86.867104
4069.775391	-86.539993
4091.308594	-87.783264
4112.841797	-88.245720
4134.375000	-87.494675
4155.908203	-86.506508
4177.441406	-85.697250
4198.974609	-85.247070
4220.507812	-84.810623
4242.041016	-83.973709
4263.574219	-83.494781
4285.107422	-83.392197
4306.640625	-83.035828
4328.173828	-82.386520
4349.707031	-81.835503
4371.240234	-81.463997
4392.773438	-81.057129
4414.306641	-81.485550
4435.839844	-81.698952
4457.373047	-81.972816
4478.906250	-82.124748
4500.439453	-82.611069
4521.972656	-84.128296
4543.505859	-85.231262
4565.039062	-85.537308
4586.572266	-85.528328
4608.105469	-85.309532
4629.638672	-85.120987
4651.171875	-85.399422
4672.705078	-85.877518
4694.238281	-86.907394
4715.771484	-87.687630
4737.304688	-87.887985
4758.837891	-88.551270
4780.371094	-89.589760
4801.904297	-91.036240
4823.437500	-93.050377
4844.970703	-96.786453
4866.503906	-102.714714
4888.037109	-104.958458
4909.570312	-98.915092
4931.103516	-94.806129
4952.636719	-92.851738
4974.169922	-92.268341
4995.703125	-91.921394
5017.236328	-92.201279
5038.769531	-92.579269
5060.302734	-92.316856
5081.835938	-91.627007
5103.369141	-90.967384
5124.902344	-90.623955
5146.435547	-89.925797
5167.968750	-89.834030
5189.501953	-89.447151
5211.035156	-89.846031
5232.568359	-90.767326
5254.101562	-90.726593
5275.634766	-88.264694
5297.167969	-85.093910
5318.701172	-82.501144
5340.234375	-80.353004
5361.767578	-79.239883
5383.300781	-78.786407
5404.833984	-78.921730
5426.367188	-80.362076
5447.900391	-82.489487
5469.433594	-85.291885
5490.966797	-87.927345
5512.500000	-88.770203
5534.033203	-86.427994
5555.566406	-84.238403
5577.099609	-83.008987
5598.632812	-81.968941
5620.166016	-80.257950
5641.699219	-78.638718
5663.232422	-77.061638
5684.765625	-75.442543
5706.298828	-73.848137
5727.832031	-73.050171
5749.365234	-72.421844
5770.898438	-71.665138
5792.431641	-71.069290
5813.964844	-71.002029
5835.498047	-71.085030
5857.031250	-71.473686
5878.564453	-71.869530
5900.097656	-72.119568
5921.630859	-71.198746
5943.164062	-70.215057
5964.697266	-69.544075
5986.230469	-68.632042
6007.763672	-68.406342
6029.296875	-68.832123
6050.830078	-69.345421
6072.363281	-69.802017
6093.896484	-69.214638
6115.429688	-68.375839
6136.962891	-67.881500
6158.496094	-67.532051
6180.029297	-67.201935
6201.562500	-66.698921
6223.095703	-66.688255
6244.628906	-66.694374
6266.162109	-66.277702
6287.695312	-66.701286
6309.228516	-66.983116
6330.761719	-67.624199
6352.294922	-68.181740
6373.828125	-69.133545
6395.361328	-70.194473
6416.894531	-71.072350
6438.427734	-71.823479
6459.960938	-72.499496
6481.494141	-73.268135
6503.027344	-73.692528
6524.560547	-74.381531
6546.093750	-75.406860
6567.626953	-76.552429
6589.160156	-77.980194
6610.693359	-79.952095
6632.226562	-81.751358
6653.759766	-83.161819
6675.292969	-83.080849
6696.826172	-81.264526
6718.359375	-79.751541
6739.892578	-79.416374
6761.425781	-78.826973
6782.958984	-78.912918
6804.492188	-79.474243
6826.025391	-80.279541
6847.558594	-81.121964
6869.091797	-81.964020
6890.625000	-83.282433
6912.158203	-83.851250
6933.691406	-83.109596
6955.224609	-81.921974
6976.757812	-81.012802
6998.291016	-79.848198
7019.824219	-79.190994
7041.357422	-78.672356
7062.890625	-78.557068
7084.423828	-77.794632
7105.957031	-76.731483
7127.490234	-76.257614
7149.023438	-76.306458
7170.556641	-75.840950
7192.089844	-74.777374
7213.623047	-74.250832
7235.156250	-74.311287
7256.689453	-74.388733
7278.222656	-74.273232
7299.755859	-73.957573
7321.289062	-73.793236
7342.822266	-73.595032
7364.355469	-73.737663
7385.888672	-73.615166
7407.421875	-73.775414
7428.955078	-74.171944
7450.488281	-74.560760
7472.021484	-75.448296
7493.554688	-76.632103
7515.087891	-77.416939
7536.621094	-78.210236
7558.154297	-78.807991
7579.687500	-79.458664
7601.220703	-80.541199
7622.753906	-80.866203
7644.287109	-81.290947
7665.820312	-81.380699
7687.353516	-81.768356
7708.886719	-81.814339
7730.419922	-82.149651
7751.953125	-82.428352
7773.486328	-82.696281
7795.019531	-83.715073
7816.552734	-85.260109
7838.085938	-86.768127
7859.619141	-89.535606
7881.152344	-93.136055
7902.685547	-98.323158
7924.218750	-103.076813
7945.751953	-97.249168
7967.285156	-93.205551
7988.818359	-90.376503
8010.351562	-88.570747
8031.884766	-87.343452
8053.417969	-86.370857
8074.951172	-85.400002
8096.484375	-84.965866
8118.017578	-84.541817
8139.550781	-84.284409
8161.083984	-84.360390
8182.617188	-84.329597
8204.150391	-84.823204
8225.683594	-85.152122
8247.216797	-85.484123
8268.750000	-86.442329
8290.283203	-87.850769
8311.816406	-89.780464
8333.349609	-92.243774
8354.882812	-94.401413
8376.416016	-97.575783
8397.949219	-100.804268
8419.482422	-102.354828
8441.015625	-101.347557
8462.548828	-99.886818
8484.082031	-99.495865
8505.615234	-99.211601
8527.148438	-98.797134
8548.681641	-98.108414
8570.214844	-96.860664
8591.748047	-94.680527
8613.281250	-92.619118
8634.814453	-90.715958
8656.347656	-88.924217
8677.880859	-87.552689
8699.414062	-86.802589
8720.947266	-86.195702
8742.480469	-86.601425
8764.013672	-86.578102
8785.546875	-86.627197
8807.080078	-87.574791
8828.613281	-88.235970
8850.146484	-88.625160
8871.679688	-89.747574
8893.212891	-90.321060
8914.746094	-90.954079
8936.279297	-91.580887
8957.812500	-92.129936
8979.345703	-92.920563
9000.878906	-92.951363
9022.412109	-94.250748
9043.945312	-94.711426
9065.478516	-95.151787
9087.011719	-95.669785
9108.544922	-95.897736
9130.078125	-95.425926
9151.611328	-94.103622
9173.144531	-92.862320
9194.677734	-91.576706
9216.210938	-90.928467
9237.744141	-89.929489
9259.277344	-89.247101
9280.810547	-88.202187
9302.343750	-87.463264
9323.876953	-86.915421
9345.410156	-86.034012
9366.943359	-85.507668
9388.476562	-84.884865
9410.009766	-83.918869
9431.542969	-83.539406
9453.076172	-83.013939
9474.609375	-82.446358
9496.142578	-82.182808
9517.675781	-81.836372
9539.208984	-81.642113
9560.742188	-81.493294
9582.275391	-81.875481
9603.808594	-81.560699
9625.341797	-81.715622
9646.875000	-81.645981
9668.408203	-81.767242
9689.941406	-82.545090
9711.474609	-83.418251
9733.007812	-83.629128
9754.541016	-83.918587
9776.074219	-84.194084
9797.607422	-84.375420
9819.140625	-84.093925
9840.673828	-84.312340
9862.207031	-84.698174
9883.740234	-84.809517
9905.273438	-85.070671
9926.806641	-84.995483
9948.339844	-84.941124
9969.873047	-84.589272
9991.406250	-84.602409
10012.939453	-84.325317
10034.472656	-84.452011
10056.005859	-84.178497
10077.539062	-84.057083
10099.072266	-84.038498
10120.605469	-83.574013
10142.138672	-82.864372
10163.671875	-82.817184
10185.205078	-82.942162
10206.738281	-82.429314
10228.271484	-82.351791
10249.804688	-81.918488
10271.337891	-81.387863
10292.871094	-80.877373
10314.404297	-80.396744
10335.937500	-80.486099
10357.470703	-80.576073
10379.003906	-80.939362
10400.537109	-81.145073
10422.070312	-81.068314
10443.603516	-81.260521
10465.136719	-81.691917
10486.669922	-81.661217
10508.203125	-82.028244
10529.736328	-82.480530
10551.269531	-82.329765
10572.802734	-82.330315
10594.335938	-82.417610
10615.869141	-82.056671
10637.402344	-81.940430
10658.935547	-82.238953
10680.468750	-82.362640
10702.001953	-82.009109
10723.535156	-81.743515
10745.068359	-81.899765
10766.601562	-82.101036
10788.134766	-81.855614
10809.667969	-82.149529
10831.201172	-82.285721
10852.734375	-82.230644
10874.267578	-82.874496
10895.800781	-83.459412
10917.333984	-84.222038
10938.867188	-85.268166
10960.400391	-86.375702
10981.933594	-87.750633
11003.466797	-88.052467
11025.000000	-88.011063
11046.533203	-87.849167
11068.066406	-87.595421
11089.599609	-87.411469
11111.132812	-87.438850
11132.666016	-87.451569
11154.199219	-87.760109
11175.732422	-88.450760
11197.265625	-89.379272
11218.798828	-89.553368
11240.332031	-89.415138
11261.865234	-89.016563
11283.398438	-87.810089
11304.931641	-86.244492
11326.464844	-85.275665
11347.998047	-84.230392
11369.531250	-83.387383
11391.064453	-82.798393
11412.597656	-82.639160
11434.130859	-82.588715
11455.664062	-82.150391
11477.197266	-81.666435
11498.730469	-81.423737
11520.263672	-81.044250
11541.796875	-80.288956
11563.330078	-79.732353
11584.863281	-79.666702
11606.396484	-78.904549
11627.929688	-78.428101
11649.462891	-77.946114
11670.996094	-77.586891
11692.529297	-77.262314
11714.062500	-77.311348
11735.595703	-77.359787
11757.128906	-77.193100
11778.662109	-77.462456
11800.195312	-77.435394
11821.728516	-77.335907
11843.261719	-77.118553
11864.794922	-77.130142
11886.328125	-77.564224
11907.861328	-77.540192
11929.394531	-77.970047
11950.927734	-78.549736
11972.460938	-78.992874
11993.994141	-78.874222
12015.527344	-78.624672
12037.060547	-77.979973
12058.593750	-77.437714
12080.126953	-77.222221
12101.660156	-76.408661
12123.193359	-75.621056
12144.726562	-75.643654
12166.259766	-74.873863
12187.792969	-74.420517
12209.326172	-74.147354
12230.859375	-74.027107
12252.392578	-74.120323
12273.925781	-74.235626
12295.458984	-74.299820
12316.992188	-74.793114
12338.525391	-74.966995
12360.058594	-75.380280
12381.591797	-75.871422
12403.125000	-76.296638
12424.658203	-76.441002
12446.191406	-76.960747
12467.724609	-77.273209
12489.257812	-77.158997
12510.791016	-77.747566
12532.324219	-78.653389
12553.857422	-79.039658
12575.390625	-79.167625
12596.923828	-79.354103
12618.457031	-79.632599
12639.990234	-79.650887
12661.523438	-79.786987
12683.056641	-79.481514
12704.589844	-79.417282
12726.123047	-79.627312
12747.656250	-79.430252
12769.189453	-79.480782
12790.722656	-79.626953
12812.255859	-79.334480
12833.789062	-79.250305
12855.322266	-78.874939
12876.855469	-78.486290
12898.388672	-78.152077
12919.921875	-77.846024
12941.455078	-77.429070
12962.988281	-77.087990
12984.521484	-77.008965
13006.054688	-76.887238
13027.587891	-77.061295
13049.121094	-76.792526
13070.654297	-76.733704
13092.187500	-77.258736
13113.720703	-77.595627
13135.253906	-78.034248
13156.787109	-78.422775
13178.320312	-79.224091
13199.853516	-79.716599
13221.386719	-80.396523
13242.919922	-81.489296
13264.453125	-82.325027
13285.986328	-83.236992
13307.519531	-83.808388
13329.052734	-84.159950
13350.585938	-83.946289
13372.119141	-83.702431
13393.652344	-83.373718
13415.185547	-83.064102
13436.718750	-82.672707
13458.251953	-82.676620
13479.785156	-82.769180
13501.318359	-82.197784
13522.851562	-82.299988
13544.384766	-83.010567
13565.917969	-83.133881
13587.451172	-83.265701
13608.984375	-83.534248
13630.517578	-84.395576
13652.050781	-84.981750
13673.583984	-85.419495
13695.117188	-85.933784
13716.650391	-86.227325
13738.183594	-86.209953
13759.716797	-86.639229
13781.250000	-86.978973
13802.783203	-87.237045
13824.316406	-87.319214
13845.849609	-87.869812
13867.382812	-88.705841
13888.916016	-88.884468
13910.449219	-89.435249
13931.982422	-89.678421
13953.515625	-89.647163
13975.048828	-89.724380
13996.582031	-89.602303
14018.115234	-89.230644
14039.648438	-88.900711
14061.181641	-88.615067
14082.714844	-88.498825
14104.248047	-88.350212
14125.781250	-88.286812
14147.314453	-88.082916
14168.847656	-88.185860
14190.380859	-88.353241
14211.914062	-88.827095
14233.447266	-88.951866
14254.980469	-89.174294
14276.513672	-90.229164
14298.046875	-91.232536
14319.580078	-92.067902
14341.113281	-93.085403
14362.646484	-94.154457
14384.179688	-95.420502
14405.712891	-96.890785
14427.246094	-98.190575
14448.779297	-97.441139
14470.312500	-96.418755
14491.845703	-95.779808
14513.378906	-94.710968
14534.912109	-92.757759
14556.445312	-90.446053
14577.978516	-89.843971
14599.511719	-89.259003
14621.044922	-88.474213
14642.578125	-88.033623
14664.111328	-87.755661
14685.644531	-87.162575
14707.177734	-86.374115
14728.710938	-86.362907
14750.244141	-85.881187
14771.777344	-85.832123
14793.310547	-85.982185
14814.843750	-85.880005
14836.376953	-86.119896
14857.910156	-85.847519
14879.443359	-86.000824
14900.976562	-86.281403
14922.509766	-86.609802
14944.042969	-86.424210
14965.576172	-86.492867
14987.109375	-86.146393
15008.642578	-86.205856
15030.175781	-86.071823
15051.708984	-85.660156
15073.242188	-85.594025
15094.775391	-85.036095
15116.308594	-84.983215
15137.841797	-85.356255
15159.375000	-85.619385
15180.908203	-85.588135
15202.441406	-85.881523
15223.974609	-86.180878
15245.507812	-86.094887
15267.041016	-86.552086
15288.574219	-87.012665
15310.107422	-86.728928
15331.640625	-86.685837
15353.173828	-86.286316
15374.707031	-86.007454
15396.240234	-85.646362
15417.773438	-85.245308
15439.306641	-85.215904
15460.839844	-84.734619
15482.373047	-84.655098
15503.906250	-84.238159
15525.439453	-83.716705
15546.972656	-83.437294
15568.505859	-83.652481
15590.039062	-83.544678
15611.572266	-83.375572
15633.105469	-83.671234
15654.638672	-83.832764
15676.171875	-84.209930
15697.705078	-84.385460
15719.238281	-85.227547
15740.771484	-85.436813
15762.304688	-86.267517
15783.837891	-87.183838
15805.371094	-87.660347
15826.904297	-87.445778
15848.437500	-86.394073
15869.970703	-86.307068
15891.503906	-86.313072
15913.037109	-85.895531
15934.570312	-85.090660
15956.103516	-84.391167
15977.636719	-83.920227
15999.169922	-83.443542
16020.703125	-82.951225
16042.236328	-82.897354
16063.769531	-82.584579
16085.302734	-82.569794
16106.835938	-82.467842
16128.369141	-82.197487
16149.902344	-82.135735
16171.435547	-81.980774
16192.968750	-81.911552
16214.501953	-82.207489
16236.035156	-82.616104
16257.568359	-82.666344
16279.101562	-82.775650
16300.634766	-83.320747
16322.167969	-84.185928
16343.701172	-84.726151
16365.234375	-84.937134
16386.767578	-85.107590
16408.300781	-85.772850
16429.833984	-86.717400
16451.367188	-87.082771
16472.900391	-87.687828
16494.433594	-88.683601
16515.966797	-89.729652
16537.500000	-90.894760
16559.033203	-92.088226
16580.566406	-94.195648
16602.099609	-95.820633
16623.632812	-97.737480
16645.166016	-98.398384
16666.699219	-98.585426
16688.232422	-98.586945
16709.765625	-96.943779
16731.298828	-95.715065
16752.832031	-93.519356
16774.365234	-92.479073
16795.898438	-91.942924
16817.431641	-91.054070
16838.964844	-90.415344
16860.498047	-89.797562
16882.031250	-89.489647
16903.564453	-89.648941
16925.097656	-89.559471
16946.630859	-89.045464
16968.164062	-88.881798
16989.697266	-89.278191
17011.230469	-89.089462
17032.763672	-88.553261
17054.296875	-88.706017
17075.830078	-89.090706
17097.363281	-88.949379
17118.896484	-89.106491
17140.429688	-89.230255
17161.962891	-88.906097
17183.496094	-88.890488
17205.029297	-88.825783
17226.562500	-88.720955
17248.095703	-88.873001
17269.628906	-88.936569
17291.162109	-88.871674
17312.695312	-88.773300
17334.228516	-89.145569
17355.761719	-89.126518
17377.294922	-89.085632
17398.828125	-88.921364
17420.361328	-89.002045
17441.894531	-89.104317
17463.427734	-88.783760
17484.960938	-89.036781
17506.494141	-89.328659
17528.027344	-89.652016
17549.560547	-89.153114
17571.093750	-89.096626
17592.626953	-89.729538
17614.160156	-90.076668
17635.693359	-90.212349
17657.226562	-89.700272
17678.759766	-90.297958
17700.292969	-91.036598
17721.826172	-91.709396
17743.359375	-91.793442
17764.892578	-91.729805
17786.425781	-92.234436
17807.958984	-92.847160
17829.492188	-93.154305
17851.025391	-92.721519
17872.558594	-93.357841
17894.091797	-94.138443
17915.625000	-93.751953
17937.158203	-93.697510
17958.691406	-93.486229
17980.224609	-91.152748
18001.757812	-92.789284
18023.291016	-95.560890
18044.824219	-94.764252
18066.357422	-95.409256
18087.890625	-96.514824
18109.423828	-96.269737
18130.957031	-96.493195
18152.490234	-95.345039
18174.023438	-96.114464
18195.556641	-97.019554
18217.089844	-97.206924
18238.623047	-96.651382
18260.156250	-95.194542
18281.689453	-96.971100
18303.222656	-97.378395
18324.755859	-97.677818
18346.289062	-95.765839
18367.822266	-95.439110
18389.355469	-97.516357
18410.888672	-97.300346
18432.421875	-97.573494
18453.955078	-95.207741
18475.488281	-96.323868
18497.021484	-97.678421
18518.554688	-97.596855
18540.087891	-96.716820
18561.621094	-94.729759
18583.154297	-96.957809
18604.687500	-97.422775
18626.220703	-97.788734
18647.753906	-95.687302
18669.287109	-95.279305
18690.820312	-97.672165
18712.353516	-97.285583
18733.886719	-97.308037
18755.419922	-95.432976
18776.953125	-96.681908
18798.486328	-97.613129
18820.019531	-97.615173
18841.552734	-96.235909
18863.085938	-94.812798
18884.619141	-97.046410
18906.152344	-96.917625
18927.685547	-97.383820
18949.218750	-95.395988
18970.751953	-95.668976
18992.285156	-97.341019
19013.818359	-97.103012
19035.351562	-96.902946
19056.884766	-94.782730
19078.417969	-96.250443
19099.951172	-96.983192
19121.484375	-97.034760
19143.017578	-95.522087
19164.550781	-94.203438
19186.083984	-97.017906
19207.617188	-97.013741
19229.150391	-97.071541
19250.683594	-94.867691
19272.216797	-95.223808
19293.750000	-96.728706
19315.283203	-96.555336
19336.816406	-96.650658
19358.349609	-95.322952
19379.882812	-96.563515
19401.416016	-96.988579
19422.949219	-97.015450
19444.482422	-95.648773
19466.015625	-94.713043
19487.548828	-96.486328
19509.082031	-96.826653
19530.615234	-96.958725
19552.148438	-94.764824
19573.681641	-95.427856
19595.214844	-96.723236
19616.748047	-96.505440
19638.281250	-96.383690
19659.814453	-95.343651
19681.347656	-96.251976
19702.880859	-96.663094
19724.414062	-96.985275
19745.947266	-95.817528
19767.480469	-95.278473
19789.013672	-96.905304
19810.546875	-96.750122
19832.080078	-97.054016
19853.613281	-96.412193
19875.146484	-96.772911
19896.679688	-97.243347
19918.212891	-97.186493
19939.746094	-96.446861
19961.279297	-95.303856
19982.812500	-96.787224
20004.345703	-97.097725
20025.878906	-97.377808
20047.412109	-96.662163
20068.945312	-96.565231
20090.478516	-97.364311
20112.011719	-96.999405
20133.544922	-97.355240
20155.078125	-96.986633
20176.611328	-97.545418
20198.144531	-97.741013
20219.677734	-97.968445
20241.210938	-97.878555
20262.744141	-98.072609
20284.277344	-98.400642
20305.810547	-98.130753
20327.343750	-98.090599
20348.876953	-97.546356
20370.410156	-97.591629
20391.943359	-98.471008
20413.476562	-98.298401
20435.009766	-97.924706
20456.542969	-96.917931
20478.076172	-97.667732
20499.609375	-98.115822
20521.142578	-98.501175
20542.675781	-98.668228
20564.208984	-98.710915
20585.742188	-99.077522
20607.275391	-98.859215
20628.808594	-98.885078
20650.341797	-98.479256
20671.875000	-98.688980
20693.408203	-98.696205
20714.941406	-98.547470
20736.474609	-98.828705
20758.007812	-98.939606
20779.541016	-99.613884
20801.074219	-99.590172
20822.607422	-99.663277
20844.140625	-99.520142
20865.673828	-99.499641
20887.207031	-100.143166
20908.740234	-100.216942
20930.273438	-99.997467
20951.806641	-100.039581
20973.339844	-100.510139
20994.873047	-101.132645
21016.406250	-101.313995
21037.939453	-101.086845
21059.472656	-101.176277
21081.005859	-101.420349
21102.539062	-101.608597
21124.072266	-101.839348
21145.605469	-101.886360
21167.138672	-101.852623
21188.671875	-101.953133
21210.205078	-102.092926
21231.738281	-102.207733
21253.271484	-102.022110
21274.804688	-101.960182
21296.337891	-102.253258
21317.871094	-102.248047
21339.404297	-102.006630
21360.937500	-102.019394
21382.470703	-102.039597
21404.003906	-102.153893
21425.537109	-101.963127
21447.070312	-102.427620
21468.603516	-102.467384
21490.136719	-102.274994
21511.669922	-102.013176
21533.203125	-102.386436
21554.736328	-102.581436
21576.269531	-102.387451
21597.802734	-102.527740
21619.335938	-102.753792
21640.869141	-102.631592
21662.402344	-102.572777
21683.935547	-102.276588
21705.468750	-102.153938
21727.001953	-102.264969
21748.535156	-102.372231
21770.068359	-102.279427
21791.601562	-102.405785
21813.134766	-102.282753
21834.667969	-102.451988
21856.201172	-102.594032
21877.734375	-102.338135
21899.267578	-102.157402
21920.800781	-102.615723
21942.333984	-102.314270
21963.867188	-102.073929
21985.400391	-101.840279
22006.933594	-102.096802
22028.466797	-102.405151
