Frequency (Hz)	Level (dB)
43.066406	-44.584377
86.132812	-48.516155
129.199219	-66.625465
172.265625	-74.489830
215.332031	-75.992805
258.398438	-74.460327
301.464844	-70.320778
344.531250	-67.759468
387.597656	-71.682281
430.664062	-73.175194
473.730469	-74.202278
516.796875	-81.403885
559.863281	-81.347092
602.929688	-77.242035
645.996094	-70.833221
689.062500	-75.469040
732.128906	-78.448341
775.195312	-78.956902
818.261719	-83.836449
861.328125	-85.179077
904.394531	-79.556030
947.460938	-73.166740
990.527344	-77.867218
1033.593750	-87.026779
1076.660156	-88.924881
1119.726562	-87.363258
1162.792969	-85.793175
1205.859375	-88.362396
1248.925781	-83.786140
1291.992188	-88.222549
1335.058594	-90.944893
1378.125000	-91.694359
1421.191406	-90.706093
1464.257812	-86.812332
1507.324219	-84.234634
1550.390625	-85.674644
1593.457031	-90.646538
1636.523438	-91.716156
1679.589844	-92.292671
1722.656250	-87.406563
1765.722656	-86.405342
1808.789062	-92.944023
1851.855469	-94.655151
1894.921875	-96.061073
1937.988281	-92.979736
1981.054688	-92.037758
2024.121094	-84.767067
2067.187500	-80.460815
2110.253906	-78.333084
2153.320312	-80.041954
2196.386719	-85.210724
2239.453125	-88.639526
2282.519531	-90.374161
2325.585938	-91.699982
2368.652344	-90.819672
2411.718750	-89.004959
2454.785156	-88.871780
2497.851562	-88.401878
2540.917969	-86.716553
2583.984375	-86.196609
2627.050781	-88.617279
2670.117188	-89.949318
2713.183594	-90.757843
2756.250000	-91.532776
2799.316406	-91.543526
2842.382812	-91.471230
2885.449219	-91.071465
2928.515625	-91.336853
2971.582031	-91.583794
3014.648438	-89.898552
3057.714844	-86.726967
3100.781250	-83.314713
3143.847656	-80.590126
3186.914062	-80.525604
3229.980469	-82.562256
3273.046875	-83.764198
3316.113281	-83.578766
3359.179688	-82.624176
3402.246094	-83.634056
3445.312500	-86.553902
3488.378906	-90.273521
3531.445312	-94.063354
3574.511719	-97.024086
3617.578125	-99.199371
3660.644531	-100.768936
3703.710938	-103.156746
3746.777344	-102.748611
3789.843750	-103.160378
3832.910156	-104.151726
3875.976562	-104.342964
3919.042969	-103.279846
3962.109375	-99.272209
4005.175781	-93.761871
4048.242188	-89.335876
4091.308594	-87.559860
4134.375000	-87.226044
4177.441406	-87.319313
4220.507812	-87.244698
4263.574219	-86.821953
4306.640625	-86.062698
4349.707031	-84.826942
4392.773438	-84.704422
4435.839844	-86.271774
4478.906250	-88.515800
4521.972656	-90.428558
4565.039062	-91.305382
4608.105469	-91.805328
4651.171875	-92.242203
4694.238281	-92.867950
4737.304688	-94.866631
4780.371094	-98.507759
4823.437500	-98.873192
4866.503906	-95.653381
4909.570312	-92.051407
4952.636719	-89.196022
4995.703125	-87.139137
5038.769531	-85.572418
5081.835938	-85.703453
5124.902344	-85.849197
5167.968750	-86.020973
5211.035156	-87.385689
5254.101562	-86.937256
5297.167969	-85.362061
5340.234375	-84.714439
5383.300781	-85.597847
5426.367188	-82.694778
5469.433594	-80.685432
5512.500000	-80.715714
5555.566406	-80.621033
5598.632812	-81.118439
5641.699219	-82.506981
5684.765625	-82.555016
5727.832031	-76.659622
5770.898438	-72.316673
5813.964844	-70.141792
5857.031250	-69.274040
5900.097656	-69.289612
5943.164062	-70.168030
5986.230469	-72.521751
6029.296875	-75.556900
6072.363281	-75.455551
6115.429688	-74.321114
6158.496094	-74.218689
6201.562500	-74.259514
6244.628906	-74.470428
6287.695312	-74.678452
6330.761719	-74.290581
6373.828125	-73.752335
6416.894531	-72.913124
6459.960938	-71.922722
6503.027344	-71.399788
6546.093750	-71.516212
6589.160156	-72.224747
6632.226562	-73.842453
6675.292969	-75.961510
6718.359375	-77.374046
6761.425781	-78.750916
6804.492188	-77.551918
6847.558594	-76.011581
6890.625000	-75.201500
6933.691406	-74.953239
6976.757812	-75.570847
7019.824219	-76.767105
7062.890625	-78.175552
7105.957031	-79.283882
7149.023438	-81.736328
7192.089844	-85.485924
7235.156250	-88.493462
7278.222656	-88.132256
7321.289062	-87.228165
7364.355469	-87.015732
7407.421875	-86.725983
7450.488281	-86.649567
7493.554688	-87.066177
7536.621094	-87.571312
7579.687500	-87.906784
7622.753906	-88.748947
7665.820312	-90.246437
7708.886719	-92.881775
7751.953125	-95.816277
7795.019531	-97.216309
7838.085938	-94.165993
7881.152344	-90.811783
7924.218750	-88.262657
7967.285156	-86.886253
8010.351562	-86.549507
8053.417969	-85.902855
8096.484375	-85.349205
8139.550781	-85.205017
8182.617188	-85.400146
8225.683594	-85.720825
8268.750000	-85.902824
8311.816406	-86.083199
8354.882812	-85.886719
8397.949219	-85.397194
8441.015625	-85.646416
8484.082031	-86.711914
8527.148438	-88.370049
8570.214844	-90.955009
8613.281250	-92.758148
8656.347656	-94.128716
8699.414062	-95.773163
8742.480469	-98.695709
8785.546875	-103.099663
8828.613281	-107.121445
8871.679688	-106.694809
8914.746094	-102.880173
8957.812500	-99.078201
9000.878906	-96.074417
9043.945312	-93.708366
9087.011719	-92.044853
9130.078125	-90.883026
9173.144531	-90.381050
9216.210938	-90.840805
9259.277344	-91.279068
9302.343750	-91.222412
9345.410156	-90.736549
9388.476562	-90.190308
9431.542969	-90.262047
9474.609375	-90.965569
9517.675781	-91.912003
9560.742188	-92.742455
9603.808594	-94.779381
9646.875000	-97.513580
9689.941406	-98.229759
9733.007812	-95.225052
9776.074219	-93.117455
9819.140625	-91.095406
9862.207031	-90.052551
9905.273438	-88.942871
9948.339844	-87.452980
9991.406250	-86.409393
10034.472656	-85.347977
10077.539062	-84.990227
10120.605469	-84.393280
10163.671875	-83.683975
10206.738281	-82.930374
10249.804688	-82.036339
10292.871094	-81.451813
10335.937500	-81.600563
10379.003906	-82.756340
10422.070312	-84.448601
10465.136719	-87.181633
10508.203125	-92.059967
10551.269531	-93.949730
10594.335938	-87.843102
10637.402344	-83.773048
10680.468750	-81.167778
10723.535156	-79.382683
10766.601562	-78.696396
10809.667969	-78.293228
10852.734375	-78.148277
10895.800781	-78.257324
10938.867188	-78.989182
10981.933594	-80.211449
11025.000000	-81.318611
11068.066406	-83.157356
11111.132812	-84.911316
11154.199219	-84.790924
11197.265625	-83.936974
11240.332031	-82.901855
11283.398438	-82.867279
11326.464844	-82.922668
11369.531250	-82.766060
11412.597656	-83.008713
11455.664062	-83.027100
11498.730469	-82.222992
11541.796875	-81.023621
11584.863281	-80.311134
11627.929688	-79.779739
11670.996094	-79.133644
11714.062500	-79.148796
11757.128906	-79.376495
11800.195312	-79.608612
11843.261719	-79.952606
11886.328125	-80.572670
11929.394531	-81.538269
11972.460938	-82.581100
12015.527344	-83.911995
12058.593750	-85.435959
12101.660156	-86.869377
12144.726562	-87.543350
12187.792969	-87.635979
12230.859375	-86.901901
12273.925781	-86.050148
12316.992188	-85.088806
12360.058594	-84.074272
12403.125000	-83.285088
12446.191406	-82.721077
12489.257812	-82.290970
12532.324219	-82.727829
12575.390625	-83.137390
12618.457031	-82.942032
12661.523438	-82.227798
12704.589844	-81.687096
12747.656250	-81.958336
12790.722656	-82.500465
12833.789062	-83.429123
12876.855469	-84.659637
12919.921875	-85.929688
12962.988281	-87.225945
13006.054688	-88.190491
13049.121094	-88.707184
13092.187500	-89.022652
13135.253906	-89.172295
13178.320312	-89.156937
13221.386719	-89.181473
13264.453125	-89.001625
13307.519531	-89.643616
13350.585938	-90.311920
13393.652344	-91.197975
13436.718750	-91.916016
13479.785156	-93.318848
13522.851562	-94.715935
13565.917969	-96.499611
13608.984375	-98.316605
13652.050781	-100.511833
13695.117188	-103.058159
13738.183594	-105.020401
13781.250000	-106.444901
13824.316406	-104.259567
13867.382812	-103.477509
13910.449219	-103.985184
13953.515625	-103.719765
13996.582031	-103.731750
14039.648438	-103.495171
14082.714844	-104.123627
14125.781250	-104.281769
14168.847656	-104.984451
14211.914062	-105.080139
14254.980469	-104.298813
14298.046875	-105.215088
14341.113281	-104.176239
14384.179688	-105.483978
14427.246094	-105.530418
14470.312500	-105.352936
14513.378906	-105.238716
14556.445312	-104.878029
14599.511719	-105.740143
14642.578125	-104.843948
14685.644531	-105.332298
14728.710938	-104.844849
14771.777344	-104.836716
14814.843750	-103.829155
14857.910156	-103.278908
14900.976562	-105.523865
14944.042969	-105.388474
14987.109375	-105.071739
15030.175781	-104.027641
15073.242188	-104.567490
15116.308594	-103.822937
15159.375000	-103.153084
15202.441406	-104.229340
15245.507812	-103.658142
15288.574219	-103.886818
15331.640625	-102.448334
15374.707031	-102.748009
15417.773438	-103.123001
15460.839844	-102.776016
15503.906250	-102.492775
15546.972656	-102.046761
15590.039062	-101.986015
15633.105469	-101.510269
15676.171875	-101.307060
15719.238281	-101.060059
15762.304688	-100.857254
15805.371094	-100.799393
15848.437500	-100.124672
15891.503906	-100.459709
15934.570312	-100.534027
15977.636719	-100.996101
16020.703125	-100.599007
16063.769531	-100.520020
16106.835938	-100.714607
16149.902344	-100.202217
16192.968750	-101.047981
16236.035156	-100.994492
16279.101562	-101.245201
16322.167969	-100.721756
16365.234375	-100.582161
16408.300781	-100.828453
16451.367188	-100.353905
16494.433594	-100.626854
16537.500000	-100.396088
16580.566406	-100.556778
16623.632812	-99.580399
16666.699219	-99.623100
16709.765625	-100.220222
16752.832031	-100.208336
16795.898438	-100.194473
16838.964844	-99.440811
16882.031250	-99.889290
16925.097656	-99.433884
16968.164062	-99.346802
17011.230469	-99.429115
17054.296875	-99.167221
17097.363281	-99.334015
17140.429688	-99.040413
17183.496094	-99.193382
17226.562500	-98.903656
17269.628906	-98.570755
17312.695312	-98.398773
17355.761719	-97.959175
17398.828125	-98.036339
17441.894531	-97.258812
17484.960938	-98.013588
17528.027344	-97.618759
17571.093750	-97.767960
17614.160156	-97.339577
17657.226562	-97.107422
17700.292969	-97.528526
17743.359375	-97.146744
17786.425781	-97.366844
17829.492188	-97.339607
17872.558594	-97.397224
17915.625000	-96.928879
17958.691406	-93.021545
18001.757812	-92.184814
18044.824219	-96.062035
18087.890625	-96.671371
18130.957031	-96.259094
18174.023438	-96.250290
18217.089844	-95.624077
18260.156250	-95.424065
18303.222656	-95.945724
18346.289062	-95.260422
18389.355469	-95.679825
18432.421875	-94.895050
18475.488281	-95.376541
18518.554688	-95.711533
18561.621094	-95.656837
18604.687500	-95.541672
18647.753906	-95.219986
18690.820312	-95.518242
18733.886719	-95.007988
18776.953125	-95.402107
18820.019531	-95.380310
18863.085938	-95.502075
18906.152344	-95.698006
18949.218750	-95.063538
18992.285156	-95.214851
19035.351562	-94.713882
19078.417969	-95.064476
19121.484375	-94.710861
19164.550781	-94.657730
19207.617188	-94.780327
19250.683594	-94.121025
19293.750000	-94.750336
19336.816406	-94.111168
19379.882812	-94.583839
19422.949219	-94.680977
19466.015625	-94.761536
19509.082031	-94.545784
19552.148438	-94.257759
19595.214844	-94.609825
19638.281250	-94.367271
19681.347656	-94.659348
19724.414062	-93.963661
19767.480469	-94.159706
19810.546875	-94.628998
19853.613281	-94.569344
19896.679688	-94.473358
19939.746094	-94.130699
19982.812500	-94.254738
20025.878906	-93.923576
20068.945312	-94.342194
20112.011719	-94.564903
20155.078125	-94.566963
20198.144531	-94.489189
20241.210938	-94.285530
20284.277344	-94.743866
20327.343750	-94.942657
20370.410156	-94.984520
20413.476562	-94.548706
20456.542969	-94.450066
20499.609375	-95.093910
20542.675781	-95.296494
20585.742188	-95.415588
20628.808594	-95.376671
20671.875000	-95.669312
20714.941406	-95.849922
20758.007812	-96.057625
20801.074219	-96.494026
20844.140625	-96.503372
20887.207031	-96.860847
20930.273438	-97.038048
20973.339844	-97.209167
21016.406250	-97.680946
21059.472656	-98.079903
21102.539062	-98.219398
21145.605469	-98.551941
21188.671875	-98.853699
21231.738281	-99.126686
21274.804688	-99.277893
21317.871094	-99.123642
21360.937500	-99.168671
21404.003906	-99.299210
21447.070312	-99.499947
21490.136719	-99.262253
21533.203125	-99.339470
21576.269531	-99.441605
21619.335938	-99.370125
21662.402344	-99.226425
21705.468750	-99.082237
21748.535156	-98.928337
21791.601562	-99.111694
21834.667969	-99.274323
21877.734375	-99.278122
21920.800781	-99.328346
21963.867188	-99.161118
22006.933594	-99.136261
