Frequency (Hz)	Level (dB)
21.533203	-58.232868
43.066406	-47.619080
64.599609	-49.668568
86.132812	-62.671425
107.666016	-62.421654
129.199219	-70.800209
150.732422	-75.443069
172.265625	-80.120941
193.798828	-76.751289
215.332031	-78.713104
236.865234	-81.455490
258.398438	-81.234467
279.931641	-75.785690
301.464844	-71.691872
322.998047	-76.540131
344.531250	-71.116730
366.064453	-73.611717
387.597656	-78.171669
409.130859	-78.822983
430.664062	-78.939873
452.197266	-73.740929
473.730469	-76.162331
495.263672	-77.147354
516.796875	-78.786339
538.330078	-80.592285
559.863281	-81.188629
581.396484	-88.033966
602.929688	-88.061462
624.462891	-83.805130
645.996094	-75.722389
667.529297	-79.233101
689.062500	-90.917908
710.595703	-91.290955
732.128906	-86.704140
753.662109	-82.956245
775.195312	-88.997986
796.728516	-85.215416
818.261719	-88.632545
839.794922	-87.030769
861.328125	-86.848633
882.861328	-89.518082
904.394531	-84.622971
925.927734	-80.029175
947.460938	-74.227303
968.994141	-78.351791
990.527344	-83.993713
1012.060547	-84.268356
1033.593750	-88.340393
1055.126953	-88.023834
1076.660156	-94.544327
1098.193359	-92.885277
1119.726562	-94.366264
1141.259766	-86.472260
1162.792969	-86.951180
1184.326172	-90.664062
1205.859375	-89.386375
1227.392578	-86.879364
1248.925781	-81.584320
1270.458984	-86.477295
1291.992188	-91.736130
1313.525391	-93.218323
1335.058594	-93.319664
1356.591797	-91.138260
1378.125000	-98.053490
1399.658203	-97.375275
1421.191406	-100.789932
1442.724609	-96.818253
1464.257812	-93.088127
1485.791016	-89.110916
1507.324219	-86.447510
1528.857422	-85.251419
1550.390625	-84.465591
1571.923828	-86.539841
1593.457031	-89.298531
1614.990234	-90.647415
1636.523438	-90.201035
1658.056641	-89.969887
1679.589844	-92.106224
1701.123047	-90.612640
1722.656250	-91.302750
1744.189453	-86.593140
1765.722656	-88.826012
1787.255859	-93.716469
1808.789062	-93.037643
1830.322266	-94.720253
1851.855469	-92.064362
1873.388672	-87.303032
1894.921875	-84.464302
1916.455078	-84.383011
1937.988281	-85.113388
1959.521484	-85.155396
1981.054688	-85.385376
2002.587891	-85.555290
2024.121094	-86.286858
2045.654297	-86.452515
2067.187500	-85.587944
2088.720703	-85.952042
2110.253906	-81.751953
2131.787109	-75.423035
2153.320312	-72.258347
2174.853516	-69.841064
2196.386719	-68.367462
2217.919922	-66.859962
2239.453125	-66.582970
2260.986328	-67.303520
2282.519531	-69.012169
2304.052734	-71.997711
2325.585938	-75.710793
2347.119141	-80.308273
2368.652344	-86.908295
2390.185547	-94.513397
2411.718750	-91.675705
2433.251953	-88.803200
2454.785156	-88.091103
2476.318359	-88.600861
2497.851562	-89.127586
2519.384766	-90.192787
2540.917969	-91.652351
2562.451172	-92.881142
2583.984375	-94.082100
2605.517578	-95.828804
2627.050781	-99.012482
2648.583984	-99.190735
2670.117188	-97.357292
2691.650391	-94.254860
2713.183594	-91.543930
2734.716797	-88.558769
2756.250000	-86.760178
2777.783203	-86.243256
2799.316406	-86.001884
2820.849609	-86.509743
2842.382812	-86.983131
2863.916016	-87.138855
2885.449219	-87.180862
2906.982422	-86.396545
2928.515625	-85.390762
2950.048828	-84.584198
2971.582031	-83.211967
2993.115234	-82.152885
3014.648438	-81.551491
3036.181641	-80.408226
3057.714844	-79.412338
3079.248047	-79.663162
3100.781250	-80.161034
3122.314453	-81.378006
3143.847656	-82.987724
3165.380859	-84.273338
3186.914062	-84.030807
3208.447266	-82.388123
3229.980469	-80.452354
3251.513672	-79.472771
3273.046875	-79.031830
3294.580078	-78.616005
3316.113281	-78.041779
3337.646484	-77.543198
3359.179688	-78.412376
3380.712891	-79.456367
3402.246094	-80.257599
3423.779297	-81.445938
3445.312500	-82.649162
3466.845703	-83.895172
3488.378906	-84.676567
3509.912109	-84.498833
3531.445312	-85.193420
3552.978516	-85.898743
3574.511719	-86.987717
3596.044922	-87.359718
3617.578125	-87.826401
3639.111328	-87.643082
3660.644531	-87.037041
3682.177734	-86.529541
3703.710938	-86.679802
3725.244141	-86.389549
3746.777344	-85.917747
3768.310547	-86.291382
3789.843750	-87.325813
3811.376953	-88.741417
3832.910156	-89.977562
3854.443359	-89.552177
3875.976562	-87.516418
3897.509766	-85.684723
3919.042969	-84.458031
3940.576172	-83.817932
3962.109375	-83.477791
3983.642578	-83.200119
4005.175781	-82.874992
4026.708984	-82.192467
4048.242188	-80.854073
4069.775391	-79.640694
4091.308594	-79.207352
4112.841797	-79.157074
4134.375000	-78.643745
4155.908203	-77.890434
4177.441406	-76.933289
4198.974609	-76.213715
4220.507812	-75.548843
4242.041016	-74.940788
4263.574219	-75.130653
4285.107422	-75.738953
4306.640625	-76.339104
4328.173828	-77.056129
4349.707031	-76.864174
4371.240234	-75.892090
4392.773438	-74.617325
4414.306641	-74.387352
4435.839844	-73.731499
4457.373047	-72.926010
4478.906250	-71.802101
4500.439453	-71.195808
4521.972656	-71.482002
4543.505859	-71.258904
4565.039062	-70.890335
4586.572266	-71.109077
4608.105469	-71.170586
4629.638672	-71.079239
4651.171875	-71.518379
4672.705078	-72.055466
4694.238281	-72.739891
4715.771484	-73.386826
4737.304688	-73.495834
4758.837891	-73.934563
4780.371094	-74.183975
4801.904297	-74.648582
4823.437500	-75.367134
4844.970703	-76.274231
4866.503906	-77.038223
4888.037109	-77.449104
4909.570312	-77.330795
4931.103516	-76.467392
4952.636719	-76.095398
4974.169922	-76.122337
4995.703125	-75.850731
5017.236328	-75.517410
5038.769531	-75.559372
5060.302734	-75.755386
5081.835938	-75.861565
5103.369141	-75.984947
5124.902344	-76.430725
5146.435547	-76.674698
5167.968750	-77.771149
5189.501953	-78.688583
5211.035156	-79.323486
5232.568359	-78.856148
5254.101562	-78.209633
5275.634766	-78.264534
5297.167969	-78.348885
5318.701172	-78.459946
5340.234375	-78.411133
5361.767578	-79.074532
5383.300781	-80.810089
5404.833984	-83.336952
5426.367188	-87.418892
5447.900391	-89.146378
5469.433594	-86.380188
5490.966797	-83.818001
5512.500000	-81.834229
5534.033203	-79.781380
5555.566406	-78.882637
5577.099609	-79.066414
5598.632812	-80.012695
5620.166016	-80.638268
5641.699219	-82.075203
5663.232422	-83.767044
5684.765625	-83.852264
5706.298828	-82.419785
5727.832031	-81.540199
5749.365234	-80.852585
5770.898438	-80.117683
5792.431641	-79.432938
5813.964844	-79.479881
5835.498047	-79.600243
5857.031250	-80.227524
5878.564453	-80.946365
5900.097656	-82.459663
5921.630859	-84.116867
5943.164062	-85.991913
5964.697266	-88.760117
5986.230469	-91.329811
6007.763672	-94.113380
6029.296875	-95.799309
6050.830078	-94.092552
6072.363281	-90.996414
6093.896484	-87.450073
6115.429688	-84.784027
6136.962891	-83.166840
6158.496094	-82.639145
6180.029297	-83.307732
6201.562500	-84.450653
6223.095703	-84.999649
6244.628906	-83.616821
6266.162109	-80.990044
6287.695312	-79.508835
6309.228516	-78.150597
6330.761719	-77.389999
6352.294922	-76.600784
6373.828125	-76.554016
6395.361328	-76.658432
6416.894531	-76.876312
6438.427734	-77.274666
6459.960938	-78.024620
6481.494141	-79.293541
6503.027344	-79.816124
6524.560547	-79.904884
6546.093750	-79.562828
6567.626953	-78.174950
6589.160156	-76.931183
6610.693359	-75.944565
6632.226562	-75.477737
6653.759766	-75.740211
6675.292969	-75.966232
6696.826172	-75.373550
6718.359375	-75.202904
6739.892578	-76.054314
6761.425781	-76.419113
6782.958984	-77.251877
6804.492188	-78.515709
6826.025391	-79.735352
6847.558594	-81.015541
6869.091797	-82.308777
6890.625000	-83.951973
6912.158203	-85.533691
6933.691406	-87.040581
6955.224609	-88.552361
6976.757812	-90.519478
6998.291016	-92.043137
7019.824219	-93.199959
7041.357422	-93.982857
7062.890625	-95.097015
7084.423828	-96.373177
7105.957031	-97.352493
7127.490234	-97.065918
7149.023438	-95.169197
7170.556641	-93.553627
7192.089844	-91.627632
7213.623047	-90.264572
7235.156250	-89.184074
7256.689453	-87.879143
7278.222656	-86.260323
7299.755859	-84.563217
7321.289062	-83.464592
7342.822266	-82.613960
7364.355469	-82.267647
7385.888672	-81.536148
7407.421875	-81.226189
7428.955078	-81.327805
7450.488281	-81.255821
7472.021484	-82.098015
7493.554688	-83.364120
7515.087891	-84.265320
7536.621094	-85.253609
7558.154297	-85.977219
7579.687500	-86.903488
7601.220703	-88.485962
7622.753906	-89.410660
7644.287109	-90.398819
7665.820312	-91.493080
7687.353516	-92.963303
7708.886719	-93.746620
7730.419922	-94.567726
7751.953125	-94.879631
7773.486328	-95.137016
7795.019531	-95.905052
7816.552734	-96.911026
7838.085938	-96.825958
7859.619141	-97.091904
7881.152344	-97.165680
7902.685547	-97.045029
7924.218750	-96.807350
7945.751953	-96.228432
7967.285156	-96.885017
7988.818359	-97.438957
8010.351562	-97.817436
8031.884766	-98.049377
8053.417969	-97.830116
8074.951172	-97.720535
8096.484375	-97.575157
8118.017578	-97.236031
8139.550781	-96.169220
8161.083984	-95.751274
8182.617188	-96.089554
8204.150391	-95.851166
8225.683594	-95.525070
8247.216797	-94.654297
8268.750000	-94.214424
8290.283203	-93.623497
8311.816406	-93.112366
8333.349609	-92.505417
8354.882812	-91.357170
8376.416016	-91.602119
8397.949219	-91.334206
8419.482422	-91.278511
8441.015625	-91.793236
8462.548828	-92.558472
8484.082031	-94.071762
8505.615234	-96.088112
8527.148438	-97.760292
8548.681641	-99.059547
8570.214844	-97.741196
8591.748047	-94.733513
8613.281250	-92.313919
8634.814453	-90.103783
8656.347656	-87.929756
8677.880859	-86.327217
8699.414062	-85.376549
8720.947266	-84.453308
8742.480469	-84.199471
8764.013672	-83.273697
8785.546875	-82.483643
8807.080078	-82.685928
8828.613281	-82.252373
8850.146484	-81.881561
8871.679688	-82.282402
8893.212891	-82.197784
8914.746094	-81.970993
8936.279297	-81.656029
8957.812500	-81.189514
8979.345703	-80.868782
9000.878906	-80.290749
9022.412109	-80.289268
9043.945312	-79.989067
9065.478516	-80.007866
9087.011719	-80.564171
9108.544922	-81.359894
9130.078125	-81.778313
9151.611328	-82.149910
9173.144531	-82.706665
9194.677734	-82.908089
9216.210938	-83.582001
9237.744141	-83.852974
9259.277344	-84.044617
9280.810547	-83.879211
9302.343750	-84.190636
9323.876953	-84.694580
9345.410156	-84.774109
9366.943359	-85.402313
9388.476562	-86.183235
9410.009766	-86.761398
9431.542969	-87.622162
9453.076172	-88.190048
9474.609375	-88.925865
9496.142578	-90.049042
9517.675781	-90.944199
9539.208984	-92.054718
9560.742188	-93.236084
9582.275391	-95.044388
9603.808594	-95.757698
9625.341797	-96.584923
9646.875000	-96.109055
9668.408203	-95.990448
9689.941406	-95.862396
9711.474609	-95.343941
9733.007812	-93.859077
9754.541016	-92.364006
9776.074219	-91.971100
9797.607422	-91.423355
9819.140625	-90.454926
9840.673828	-90.339989
9862.207031	-90.629433
9883.740234	-90.890747
9905.273438	-91.354012
9926.806641	-91.552536
9948.339844	-91.645065
9969.873047	-91.939209
9991.406250	-92.487190
10012.939453	-92.457954
10034.472656	-92.914650
10056.005859	-92.899223
10077.539062	-93.252480
10099.072266	-93.461136
10120.605469	-93.203583
10142.138672	-92.548187
10163.671875	-92.609398
10185.205078	-93.056343
10206.738281	-93.140923
10228.271484	-93.684868
10249.804688	-93.563248
10271.337891	-94.367073
10292.871094	-95.397957
10314.404297	-96.158478
10335.937500	-96.931770
10357.470703	-97.183655
10379.003906	-97.121246
10400.537109	-95.955238
10422.070312	-94.093529
10443.603516	-92.558083
10465.136719	-91.689613
10486.669922	-90.658783
10508.203125	-90.118073
10529.736328	-89.916550
10551.269531	-89.538780
10572.802734	-89.722733
10594.335938	-90.270370
10615.869141	-90.531265
10637.402344	-91.148346
10658.935547	-91.972816
10680.468750	-93.189964
10702.001953	-93.614998
10723.535156	-93.806328
10745.068359	-93.764656
10766.601562	-94.507431
10788.134766	-95.180855
10809.667969	-95.915085
10831.201172	-96.547218
10852.734375	-96.541809
10874.267578	-97.453423
10895.800781	-97.615929
10917.333984	-97.354637
10938.867188	-96.474892
10960.400391	-95.743698
10981.933594	-95.760963
11003.466797	-94.379578
11025.000000	-93.181824
11046.533203	-92.084709
11068.066406	-91.676872
11089.599609	-91.390572
11111.132812	-90.991058
11132.666016	-90.222878
11154.199219	-89.452965
11175.732422	-88.999115
11197.265625	-88.760834
11218.798828	-87.609398
11240.332031	-86.944778
11261.865234	-86.830101
11283.398438	-86.766327
11304.931641	-86.498482
11326.464844	-86.658340
11347.998047	-86.620544
11369.531250	-86.841827
11391.064453	-87.103958
11412.597656	-87.755737
11434.130859	-88.120544
11455.664062	-88.066338
11477.197266	-87.911072
11498.730469	-87.328651
11520.263672	-86.536484
11541.796875	-85.281494
11563.330078	-84.659416
11584.863281	-84.566513
11606.396484	-83.782089
11627.929688	-83.428276
11649.462891	-83.169678
11670.996094	-83.222343
11692.529297	-83.161522
11714.062500	-83.665352
11735.595703	-84.262451
11757.128906	-84.880859
11778.662109	-85.832199
11800.195312	-86.474045
11821.728516	-86.779747
11843.261719	-87.052818
11864.794922	-87.692406
11886.328125	-88.279396
11907.861328	-88.109665
11929.394531	-88.209129
11950.927734	-88.507500
11972.460938	-88.970901
11993.994141	-88.543159
12015.527344	-87.882256
12037.060547	-86.727959
12058.593750	-85.558784
12080.126953	-84.918854
12101.660156	-83.672752
12123.193359	-82.661652
12144.726562	-82.556557
12166.259766	-81.844421
12187.792969	-81.476723
12209.326172	-81.419106
12230.859375	-81.350594
12252.392578	-81.525658
12273.925781	-81.778152
12295.458984	-81.748917
12316.992188	-82.117943
12338.525391	-82.165710
12360.058594	-82.425522
12381.591797	-82.817757
12403.125000	-82.990501
12424.658203	-82.841621
12446.191406	-83.194771
12467.724609	-83.573677
12489.257812	-83.366310
12510.791016	-83.830681
12532.324219	-84.738701
12553.857422	-85.113426
12575.390625	-85.239677
12596.923828	-85.547760
12618.457031	-85.867409
12639.990234	-85.635773
12661.523438	-85.284698
12683.056641	-84.598534
12704.589844	-84.139824
12726.123047	-83.909370
12747.656250	-83.249390
12769.189453	-82.822868
12790.722656	-82.548431
12812.255859	-82.113548
12833.789062	-81.838287
12855.322266	-81.611900
12876.855469	-81.415321
12898.388672	-81.340157
12919.921875	-81.471062
12941.455078	-81.495186
12962.988281	-81.575470
12984.521484	-81.729050
13006.054688	-82.007881
13027.587891	-82.504181
13049.121094	-82.474899
13070.654297	-82.690674
13092.187500	-83.251152
13113.720703	-83.582893
13135.253906	-83.941055
13156.787109	-84.257904
13178.320312	-84.747185
13199.853516	-84.957581
13221.386719	-85.349480
13242.919922	-86.003029
13264.453125	-86.454666
13285.986328	-87.309006
13307.519531	-88.198662
13329.052734	-89.132103
13350.585938	-89.731987
13372.119141	-90.972603
13393.652344	-92.124008
13415.185547	-92.923256
13436.718750	-92.892769
13458.251953	-92.681175
13479.785156	-93.187149
13501.318359	-92.093216
13522.851562	-91.512062
13544.384766	-91.191826
13565.917969	-90.693130
13587.451172	-90.062576
13608.984375	-89.583321
13630.517578	-89.613213
13652.050781	-89.189613
13673.583984	-89.465034
13695.117188	-89.661942
13716.650391	-89.582550
13738.183594	-89.540962
13759.716797	-89.594849
13781.250000	-89.677055
13802.783203	-89.934166
13824.316406	-89.661629
13845.849609	-89.339233
13867.382812	-89.742409
13888.916016	-89.586525
13910.449219	-89.621986
13931.982422	-89.340202
13953.515625	-88.597374
13975.048828	-88.548248
13996.582031	-88.172386
14018.115234	-87.596519
14039.648438	-87.181664
14061.181641	-87.033737
14082.714844	-86.920898
14104.248047	-86.570702
14125.781250	-86.227249
14147.314453	-85.514679
14168.847656	-85.440895
14190.380859	-85.275497
14211.914062	-85.112061
14233.447266	-84.450645
14254.980469	-84.094696
14276.513672	-84.419174
14298.046875	-84.510590
14319.580078	-84.365395
14341.113281	-84.125587
14362.646484	-83.753395
14384.179688	-83.535378
14405.712891	-83.716484
14427.246094	-84.095093
14448.779297	-83.810989
14470.312500	-83.645599
14491.845703	-84.000786
14513.378906	-84.401909
14534.912109	-84.233040
14556.445312	-83.502083
14577.978516	-83.809845
14599.511719	-84.323021
14621.044922	-84.451843
14642.578125	-84.575974
14664.111328	-84.823730
14685.644531	-84.877380
14707.177734	-84.710983
14728.710938	-85.036041
14750.244141	-84.956680
14771.777344	-85.121964
14793.310547	-85.731735
14814.843750	-85.980812
14836.376953	-86.401161
14857.910156	-86.226784
14879.443359	-86.647423
14900.976562	-87.277184
14922.509766	-88.138229
14944.042969	-88.310333
14965.576172	-89.121338
14987.109375	-89.926285
15008.642578	-90.884140
15030.175781	-92.288170
15051.708984	-92.766418
15073.242188	-94.234886
15094.775391	-95.284828
15116.308594	-96.418144
15137.841797	-96.433464
15159.375000	-96.073006
15180.908203	-97.755653
15202.441406	-97.871758
15223.974609	-97.984009
15245.507812	-95.689514
15267.041016	-96.057045
15288.574219	-97.867592
15310.107422	-97.833321
15331.640625	-97.721725
15353.173828	-96.303894
15374.707031	-97.658791
15396.240234	-98.618073
15417.773438	-99.374413
15439.306641	-98.255737
15460.839844	-97.279442
15482.373047	-100.513824
15503.906250	-100.572083
15525.439453	-100.487312
15546.972656	-97.977249
15568.505859	-98.959625
15590.039062	-101.476723
15611.572266	-101.819756
15633.105469	-101.225266
15654.638672	-98.687195
15676.171875	-100.254974
15697.705078	-100.070442
15719.238281	-99.386551
15740.771484	-96.263870
15762.304688	-94.936607
15783.837891	-95.888268
15805.371094	-95.035309
15826.904297	-94.434982
15848.437500	-92.891190
15869.970703	-92.873070
15891.503906	-93.069420
15913.037109	-93.031044
15934.570312	-92.837830
15956.103516	-92.248596
15977.636719	-93.072403
15999.169922	-93.139519
16020.703125	-93.289993
16042.236328	-93.029327
16063.769531	-92.739326
16085.302734	-93.968124
16106.835938	-94.361519
16128.369141	-94.237511
16149.902344	-93.396164
16171.435547	-93.902077
16192.968750	-94.250725
16214.501953	-94.178932
16236.035156	-93.520386
16257.568359	-92.736435
16279.101562	-93.453537
16300.634766	-93.683708
16322.167969	-93.672676
16343.701172	-92.979935
16365.234375	-92.819611
16386.767578	-93.215569
16408.300781	-93.166481
16429.833984	-93.071121
16451.367188	-91.898689
16472.900391	-92.105629
16494.433594	-92.347717
16515.966797	-91.985687
16537.500000	-91.169922
16559.033203	-90.328606
16580.566406	-91.374741
16602.099609	-91.232895
16623.632812	-91.171768
16645.166016	-90.417336
16666.699219	-90.442726
16688.232422	-90.766869
16709.765625	-90.669029
16731.298828	-90.796051
16752.832031	-90.062698
16774.365234	-90.140747
16795.898438	-90.433365
16817.431641	-90.071823
16838.964844	-89.587769
16860.498047	-89.008995
16882.031250	-89.177071
16903.564453	-89.515381
16925.097656	-89.489685
16946.630859	-88.590927
16968.164062	-88.487663
16989.697266	-89.027420
17011.230469	-88.859436
17032.763672	-88.155685
17054.296875	-88.236641
17075.830078	-88.794891
17097.363281	-88.838043
17118.896484	-88.796417
17140.429688	-88.811508
17161.962891	-88.441612
17183.496094	-88.883156
17205.029297	-88.960663
17226.562500	-88.969376
17248.095703	-89.265244
17269.628906	-89.451981
17291.162109	-89.607277
17312.695312	-89.820572
17334.228516	-90.256294
17355.761719	-89.770599
17377.294922	-90.419037
17398.828125	-90.523003
17420.361328	-90.937759
17441.894531	-90.783096
17463.427734	-90.604477
17484.960938	-91.414993
17506.494141	-91.885750
17528.027344	-92.074593
17549.560547	-90.190224
17571.093750	-90.565201
17592.626953	-91.845818
17614.160156	-91.813713
17635.693359	-91.313881
17657.226562	-90.282547
17678.759766	-91.095322
17700.292969	-91.133911
17721.826172	-90.788376
17743.359375	-90.095459
17764.892578	-89.893356
17786.425781	-90.224396
17807.958984	-90.322884
17829.492188	-90.134659
17851.025391	-89.081093
17872.558594	-89.507050
17894.091797	-89.577271
17915.625000	-89.070091
17937.158203	-88.743927
17958.691406	-88.683632
17980.224609	-88.179970
18001.757812	-88.932991
18023.291016	-89.712936
18044.824219	-89.109413
18066.357422	-89.110519
18087.890625	-89.792130
18109.423828	-89.877205
18130.957031	-89.680008
18152.490234	-89.318878
18174.023438	-89.980148
18195.556641	-90.347298
18217.089844	-90.814491
18238.623047	-90.565269
18260.156250	-90.135117
18281.689453	-91.166245
18303.222656	-91.441315
18324.755859	-91.464119
18346.289062	-90.141975
18367.822266	-90.400215
18389.355469	-91.705223
18410.888672	-91.871780
18432.421875	-92.004570
18453.955078	-90.604691
18475.488281	-92.922546
18497.021484	-93.898468
18518.554688	-94.415779
18540.087891	-93.372757
18561.621094	-92.194595
18583.154297	-95.326477
18604.687500	-95.530235
18626.220703	-95.332985
18647.753906	-91.934746
18669.287109	-92.493118
18690.820312	-94.172928
18712.353516	-93.370056
18733.886719	-92.937065
18755.419922	-91.002251
18776.953125	-92.148994
18798.486328	-92.228065
18820.019531	-91.436234
18841.552734	-89.951241
18863.085938	-89.519669
18884.619141	-90.944481
18906.152344	-90.557259
18927.685547	-90.797951
18949.218750	-88.992226
18970.751953	-89.789085
18992.285156	-91.176529
19013.818359	-91.220924
19035.351562	-90.474876
19056.884766	-89.046700
19078.417969	-91.052811
19099.951172	-91.396263
19121.484375	-91.672554
19143.017578	-89.997818
19164.550781	-89.674187
19186.083984	-92.442848
19207.617188	-92.180809
19229.150391	-92.634285
19250.683594	-90.355003
19272.216797	-91.841766
19293.750000	-93.173584
19315.283203	-93.155136
19336.816406	-92.207214
19358.349609	-89.982201
19379.882812	-92.622330
19401.416016	-91.324234
19422.949219	-93.100563
19444.482422	-91.320068
19466.015625	-91.023689
19487.548828	-92.348396
19509.082031	-91.703865
19530.615234	-92.409103
19552.148438	-90.251106
19573.681641	-91.663864
19595.214844	-91.952049
19616.748047	-91.557358
19638.281250	-91.105858
19659.814453	-89.695129
19681.347656	-91.461418
19702.880859	-90.684258
19724.414062	-91.643776
19745.947266	-90.396851
19767.480469	-90.671402
19789.013672	-91.632332
19810.546875	-91.622292
19832.080078	-92.236389
19853.613281	-90.536201
19875.146484	-92.128922
19896.679688	-92.582489
19918.212891	-92.205055
19939.746094	-91.743744
19961.279297	-91.195435
19982.812500	-92.872742
20004.345703	-92.699234
20025.878906	-93.095222
20047.412109	-92.358444
20068.945312	-92.794540
20090.478516	-93.566551
20112.011719	-93.353600
20133.544922	-93.843613
20155.078125	-92.790016
20176.611328	-94.651367
20198.144531	-95.290459
20219.677734	-95.559410
20241.210938	-94.733704
20262.744141	-94.232811
20284.277344	-95.890045
20305.810547	-95.925308
20327.343750	-96.544579
20348.876953	-95.459381
20370.410156	-96.090462
20391.943359	-97.069809
20413.476562	-97.372765
20435.009766	-97.345345
20456.542969	-95.523499
20478.076172	-97.572021
20499.609375	-97.720268
20521.142578	-98.077675
20542.675781	-97.824188
20564.208984	-97.632584
20585.742188	-99.035217
20607.275391	-99.079697
20628.808594	-99.108719
20650.341797	-96.977531
20671.875000	-98.023415
20693.408203	-99.446106
20714.941406	-99.424301
20736.474609	-99.193779
20758.007812	-98.556007
20779.541016	-99.536751
20801.074219	-99.438095
20822.607422	-99.678787
20844.140625	-98.907974
20865.673828	-98.757210
20887.207031	-99.961792
20908.740234	-100.064819
20930.273438	-100.318359
20951.806641	-99.230988
20973.339844	-100.135254
20994.873047	-101.037682
21016.406250	-100.969696
21037.939453	-100.638588
21059.472656	-100.052147
21081.005859	-101.255028
21102.539062	-101.444221
21124.072266	-101.573624
21145.605469	-100.026253
21167.138672	-100.032913
21188.671875	-101.814034
21210.205078	-101.689308
21231.738281	-101.900352
21253.271484	-100.837685
21274.804688	-101.809654
21296.337891	-102.635406
21317.871094	-102.780273
21339.404297	-101.873405
21360.937500	-100.893044
21382.470703	-102.562897
21404.003906	-102.471550
21425.537109	-102.848709
21447.070312	-102.304733
21468.603516	-102.538429
21490.136719	-103.440819
21511.669922	-103.481499
21533.203125	-103.717140
21554.736328	-102.941513
21576.269531	-103.730728
21597.802734	-103.792892
21619.335938	-103.630684
21640.869141	-103.712387
21662.402344	-103.532234
21683.935547	-104.054169
21705.468750	-104.094444
21727.001953	-104.028702
21748.535156	-103.571556
21770.068359	-104.008011
21791.601562	-104.518364
21813.134766	-104.175087
21834.667969	-104.108788
21856.201172	-103.347000
21877.734375	-104.577209
21899.267578	-104.996399
21920.800781	-104.898888
21942.333984	-103.898918
21963.867188	-103.643890
21985.400391	-104.665527
22006.933594	-104.948509
22028.466797	-104.268135
